11004857827
11005151771
11005583960
11007434362
11037728335
11062802797
11083080403
11129013305
11129790467
11131047268
11146359104
11167192752
11274192974
11328366859
11365315258
11472625252
11507709511
11541096517
11563991556
11635644874
11648685928
11653899510
11672316253
11792788665
11805856055
11830167983
11868616092
11990678761
12004131159
12004248631
12004251423
12004508641
12006391902
12006421861
12041298204
12069130463
12084464648
12101549508
12102649968
12128608147
12131835338
12136877702
12142105771
12153215710
12169986182
12201708163
12377614012
12451824370
12465501576
12533636427
12643054953
12659477973
12716912401
12749683753
12808897863
12863063082
12886519613
12974015985
12996229221
13004056660
13005235647
13005477038
13012989761
13025599242
13037159114
13061574409
13064658975
13094186877
13100996768
13103896920
13116093004
13136824392
13142813796
13152438152
13248983008
13251497096
13382520396
13553721764
13628586699
13664835610
13716454021
13826730655
13838750256
13941301262
13979307105
14003280080
14004087450
14004258360
14005304432
14006171580
14006180490
14056899731
14142750114
14162977595
14188575324
14374661392
14591826647
14655755023
14671840186
14786237480
15004264402
15005751637
15006145222
15007143142
15019577144
15108331657
15112778195
15155248904
15188606913
15204030155
15265805766
15274943760
15312304518
15347659323
15357214547
15562419440
15562601404
15600724949
15660751609
15698364348
15766927171
15768597240
15782072740
15805683511
15998336276
16003166154
16005363646
16005650386
16007039536
16025675584
16043119479
16087937531
16095158222
16128744661
16134292103
16148092148
16179157565
16339561801
16372021546
16608957233
16636320874
16656280031
16719204303
16774741067
16794595193
16873513650
16894424879
16949282178
16996084362
17004391208
17005315855
17006725266
17007263916
17007289474
17117362740
17122066339
17134323756
17151537450
17157351722
17334858388
17344959747
17523490546
17605068756
17632901183
17667985593
17686524625
17839356267
17924244537
18004852108
18007342421
18018123440
18052525948
18055208636
18060047420
18067405190
18081581162
18087702537
18092943318
18094733418
18110769501
18116186133
18148685455
18159468256
18215088169
18241488348
18253453361
18274439046
18339532185
18371286615
18401962681
18433784962
18621549787
18730899453
18744901330
18781854750
18908141137
19004135246
19004239374
19004398145
19039293679
19044044972
19090361804
19123284275
19124973584
19126324141
19158409137
19163773972
19179772790
19242959685
19243460633
19275051972
19295160994
19322762144
19343847826
19346712348
19380206291
19392124610
19418009298
19458926573
19604981200
19623496276
19656347231
19663576961
19775686269
19823459821
19836676035
19865026753
20001342301
20004319126
20005475007
20065200357
20086641527
20093868002
20095674285
20110285880
20123193117
20130814132
20145251485
20147061074
20159198535
20193597982
20376223461
20435303025
20520051758
20553522692
20561690694
20606035019
20652692137
20681711683
20739254710
20750217023
20833584976
20851915039
21004947782
21006555184
21006566972
21087541884
21102927364
21105748605
21114659415
21157513691
21163137979
21170525763
21214835436
21232566368
21281129319
21343725789
21356373611
21430812751
21457114272
21474726593
21597372123
21651959016
21652734305
21674940671
21794157588
21820901634
21837366876
21969613449
21987748593
22004705953
22005063589
22005988205
22007498482
22038903478
22050139663
22052110755
22054248124
22074523989
22095044465
22135103997
22137438245
22145979344
22149056075
22386416602
22394397639
22394403321
22411379840
22462140099
22692168722
22729829472
22735546204
22907664394
22926759458
23004231654
23005014988
23005070102
23005326849
23005613589
23073655340
23082541240
23094121810
23101483230
23109714310
23152639962
23159776020
23165108654
23196005019
23218937906
23228299594
23273262009
23307388437
23307801543
23355314118
23385731870
23480271371
23521968577
23591244622
23704633497
23860168024
23899428314
23957575189
24004350798
24005556025
24006194369
24036234159
24071878549
24103352110
24118139345
24128531078
24141180805
24179314568
24317721493
24336629285
24413439986
24436814427
24550946840
24603467024
24629376672
24693089021
24719196762
24763108298
24829385690
24898129866
24939316336
24996972892
25004463334
25005371344
25005670682
25010570011
25013018430
25023841736
25126031536
25126098398
25126732451
25244190664
25252946980
25299757642
25306780833
25366214713
25443413566
25454812059
25594069419
25638423194
25724291942
25741608900
25875253851
25882350542
25935658369
26005466124
26005539024
26005864282
26026044692
26044741609
26066985408
26071267359
26077365434
26092744968
26108413074
26117279857
26133530364
26165041805
26237128770
26239780877
26247686477
26318801524
26362940848
26412756615
26540881341
26559101675
26564626453
26648709275
26689352818
26811336442
26823917254
26830037899
26855887452
26922788278
26925052466
26958229758
27002369557
27004534687
27004788612
27004987062
27005085423
27027509792
27036472702
27084251669
27091810589
27102374587
27105885149
27116376642
27128354549
27133833762
27141628138
27198905226
27207334415
27241053246
27250451282
27379973684
27464784130
27514658108
27596610528
27620266432
27625198252
27726220810
27731078476
27788943586
27865864658
27992062054
28004451192
28004778081
28005056262
28010581385
28057044514
28081100245
28081883623
28106760451
28108663896
28153110055
28165933435
28239668377
28368867854
28371056933
28403073457
28508204178
28520756548
28553192702
28576417001
28586074047
28633090475
28650014702
28727486838
28767665328
28790076403
28806831820
28844766026
28911702061
28930773403
28998336199
29004167766
29019119373
29022865024
29030941971
29064925688
29081524781
29129090848
29140710293
29198008057
29204021600
29252806279
29263185760
29269858669
29307844511
29351352921
29354463283
29356008121
29367097058
29396030183
29411978418
29419704198
29419822810
29494074020
29514674155
29541091501
29546618249
29564690543
29715047630
29766938476
29767398718
29869163236
29886921363
29902109537
29931596356
30005366576
30006070828
30009528173
30036539902
30070931406
30078204989
30094240981
30127060296
30151237419
30214451245
30390041210
30477548549
30516449410
30588371259
30707020388
30737791149
30745237922
30887357671
30917760611
30996538219
31004992750
31005134467
31012194762
31030070820
31081163519
31091317690
31104101100
31105341490
31136185647
31160077332
31202397579
31225940144
31244284084
31339814534
31438045766
31506563698
31632277399
31634692118
31699223738
31721175099
31850350282
31857674815
31899232724
31905329561
32004364103
32006659356
32051862508
32075475731
32084682579
32085588656
32099117638
32111330262
32144264748
32150113947
32180310839
32252604420
32262490270
32272306131
32285704152
32337676694
32346911898
32390500229
32427767599
32435941251
32554704261
32565456195
32644363080
32650192040
32661050883
32663128512
32683432663
32855828775
32910661984
32925426918
32934149808
32993506954
33004055556
33007298008
33042739925
33079775296
33112231866
33125908376
33164247296
33171747632
33185295654
33196026879
33266090956
33279399483
33365284944
33370684005
33376893530
33549081413
33565661945
33586321325
33855157759
33873609911
33929275686
33995418451
34000223807
34004228906
34006070846
34007129964
34050463717
34090653946
34094070014
34100247041
34100268969
34102779699
34104645233
34172849274
34192751897
34210703350
34217717593
34256073685
34335920537
34344798402
34413960392
34449284546
34553286122
34576126129
34682656848
34817130133
34844707349
34865040990
34892298273
34923823630
35006101113
35013170512
35055984865
35062463067
35117060232
35130778802
35146117211
35149437276
35185427245
35217156106
35277410813
35337485802
35390087628
35430554780
35436568355
35704902844
35752992852
35795165583
35808045134
35823252867
35916972848
36057096465
36081348227
36093516495
36094426061
36104065401
36151124408
36158808112
36165650171
36248912689
36256164819
36282548280
36371261046
36405794753
36411746223
36484293501
36662538731
36771155427
36789561975
36809112033
36855432374
36887312252
36942041052
36974270612
36990772736
37005090317
37005705555
37008393146
37008464426
37120589130
37131257175
37160688671
37162482422
37167303687
37260696487
37282486762
37411684705
37437614193
37496269760
37583584266
37652060192
37712782209
37713649762
37865319519
37867721909
37917920531
37933813157
37972629513
38006210546
38045799398
38072541916
38080191108
38080845787
38122262060
38123339499
38132221820
38154603664
38161165026
38218814643
38246877601
38261343650
38286799784
38289393491
38292570905
38306868571
38330915392
38494842831
38559417041
38633820168
38645298359
38676218344
38753312146
38788328554
38834458211
38837454881
38843939110
38955707429
39003125142
39004068106
39004717300
39005014175
39031591026
39041514660
39075948435
39080211730
39093685879
39101674300
39102450706
39116072050
39118018992
39129680584
39135737429
39193084760
39223038090
39364288752
39457814349
39485211746
39491685563
39549633822
39641905468
39662387026
39703442583
39774045170
39828126747
39848842276
39851031355
39853867516
39926673059
39946785543
40005962792
40007008853
40084105037
40147741526
40154259871
40355220698
40411353768
40467733457
40471458442
40578109371
40584408967
40586517862
40685448071
40688918764
40715029918
40730466137
40749356261
40849663739
40891019823
40932771499
41004605145
41006125515
41007271465
41026835903
41058535863
41070511616
41075242027
41075948444
41078606416
41102265225
41109798781
41135771345
41433541731
41479096228
41626405884
41654216829
41659735441
41688712705
41725993025
41797220262
41825404384
41831668189
41839611725
41878533208
42004238662
42005066919
42006070882
42006173379
42054887697
42058164882
42062119572
42082747135
42120418582
42145949372
42166166669
42178605381
42318912323
42328291151
42335622126
42401261070
42513562148
42558417907
42672231245
42706198071
42761925547
42795179778
42815468572
42858439742
42926419181
42951717425
42993412979
43005412788
43006014106
43006697918
43008543897
43067599054
43136516991
43147075714
43206946086
43260282081
43286882427
43287362778
43289271042
43292063559
43371659770
43420561803
43472953348
43511367128
43709397769
43797631001
43826956968
43887911651
43895328130
43946237817
43974264930
44001171115
44004584552
44005474742
44006411016
44054078754
44055123692
44058164891
44087648977
44113484160
44120687149
44125524405
44142923653
44147913200
44157769899
44201747656
44243521204
44388524321
44440882245
44559788053
44598947546
44665455609
44671083883
44681920901
44686191895
44711074857
44876734492
44877224580
44945150299
45004076297
45004325713
45005977837
45008663349
45056676558
45070276809
45074766224
45121091506
45132475737
45147039791
45289437662
45312652866
45439984985
45494705227
45622757419
45721166576
45781882681
45828538184
45840639622
45926675900
45949886423
45985652934
46006178641
46006651681
46023255617
46029271914
46071021997
46074456835
46074917077
46100632395
46102469821
46112783114
46114268362
46119583717
46151761572
46178249193
46187177143
46195818978
46197549317
46200981503
46349719805
46535101157
46604997736
46635422578
46775774562
46782938029
46782960515
46845781587
46909185298
46931223741
46979918867
47004426162
47005498251
47036078343
47043727335
47072232083
47078605697
47078925658
47082448262
47114989650
47125370108
47164553200
47193682862
47241776379
47260122955
47322880805
47354516246
47368869748
47413613835
47476534312
47518653890
47539957592
47722171957
47760174512
47792950935
47833947260
47838598852
47857889661
47870380676
47916879428
47950172081
47986487998
48006204548
48042414556
48080927998
48084237114
48086804015
48101228451
48119813188
48126196442
48132025024
48146301765
48152603371
48163501273
48188616970
48208409903
48209560427
48226157796
48226792022
48234647790
48243677427
48312887828
48448613530
48479336031
48491407034
48522054140
48523953881
48567487628
48585860713
48597871468
48611749527
48656812701
48847193961
48909624457
48913061109
48928577895
49004875807
49006038071
49007349984
49008590403
49008600922
49108117667
49115297243
49125784081
49139387232
49158531102
49188161463
49194200607
49238064968
49271033178
49307923403
49371603966
49393204140
49450533158
49564407548
49590966061
49619382664
49650744395
49724845604
49781030034
49791730960
49881724827
49902238287
50005085585
50006179906
50071373950
50071444409
50074253937
50110481830
50124231661
50154217288
50169561394
50229098359
50248908314
50283605657
50285447478
50319909625
50325485686
50362120798
50364309877
50374081685
50566758443
50605068127
50703845127
50732950463
50771502014
50860926569
50957582595
51004948716
51005405470
51007032760
51072127238
51072960296
51080593380
51088301713
51093661995
51141273261
51263215677
51286919868
51486581500
51527438298
51565565026
51627404049
51639874723
51726968790
51755447942
51818692256
51825578859
51836782003
51857084361
51857204603
51933700538
51952388345
51965667895
52004419774
52004705640
52004734427
52005403476
52006044122
52006106556
52048861073
52056437203
52060049327
52082106821
52104876806
52105082460
52105403209
52121486849
52133185421
52134721181
52155514702
52158512139
52303567862
52318962889
52323491837
52334960331
52341536710
52354004543
52388035462
52492190770
52516073517
52612786810
52622973483
52744070271
52768159282
52783974656
52820625946
52907644835
52936931854
52970619306
53007133646
53017543950
53046843443
53054944366
53081182685
53089604277
53094161974
53094807280
53142425527
53307557252
53327068500
53439105626
53593064006
53717682112
53743004990
53793599879
53913852804
54002794998
54004228111
54004553806
54050278754
54079701152
54086410484
54089059805
54090811911
54090993810
54116818613
54120979809
54139936715
54139944572
54206789276
54223738596
54264568661
54272749968
54292278923
54294883020
54304261177
54334685198
54412713465
54462854410
54532283359
54537182056
54645006054
54744343007
54757800450
54772122669
54915185366
55006036979
55050464616
55059395093
55063453350
55105861710
55151932355
55234660215
55445866192
55445946512
55460716403
55490626489
55610664963
55687091493
55784349165
55893634830
55917566382
56004058084
56005030446
56006580883
56061350141
56089812402
56116549798
56161846149
56265141966
56307226283
56435973094
56469208528
56540430273
56547504991
56573637983
56638257003
56690276207
56721584203
56749449191
56750876675
56770578386
56788546557
56795382298
56801901524
56804062587
56850637447
56860265610
56957121036
56989187569
57004507644
57004849987
57006305844
57071693500
57108025207
57131036934
57131178759
57153480436
57162134352
57167212302
57234748508
57485460977
57533056318
57593281552
57611096092
57685819813
57700784406
57745420682
57895303752
57967620066
58004239981
58004265016
58006212693
58006885463
58007240146
58008520394
58072760657
58080042827
58089460935
58108829115
58110470434
58124316310
58451731162
58478152606
58481949605
58483570647
58573917491
58587947442
58639378014
58742858575
58891533250
58895584259
58918924965
58987850965
59004240779
59004927244
59005949539
59006155193
59032986751
59048912615
59069088688
59074375758
59077570944
59093747454
59127195135
59135483055
59183819535
59345224293
59368635432
59533729847
59604001176
59608346934
59631244284
59679095963
59805270397
59922357366
60004363035
60005712943
60006593488
60038764572
60044287049
60082451992
60094976682
60098462474
60105227987
60108076704
60121221319
60133272116
60133437610
60134337778
60292993543
60353279585
60416703612
60595458732
60596346125
60644039907
60845620649
60905269648
60934887077
61004117668
61004356192
61004453829
61006067349
61058044634
61071598439
61074430934
61075570598
61083645505
61118984697
61144934592
61209041745
61321463378
61334223163
61354551576
61356582289
61412912811
61426486715
61551855405
61587505023
61589345337
61718702364
61737393012
61827714605
62004963713
62006245996
62016318606
62038119394
62090880872
62095609409
62101045605
62106178947
62135239366
62146005389
62153298278
62168654653
62179224381
62187546251
62299231562
62345062139
62467701955
62539199807
62540384092
62648170797
62740350704
62762490245
62820078032
62820385632
62843874179
62902341939
62938493223
62945380642
62957206917
62982157121
63004280871
63006186812
63066828936
63097086292
63118227259
63126506205
63136509343
63142499741
63151598908
63158882823
63213535747
63310975211
63355032925
63376066799
63468357449
63635798473
63638645369
63658625942
63762886113
63895304751
64005081523
64022404782
64030753819
64047619369
64063647374
64064031714
64077478696
64114965815
64121604203
64131425884
64199831816
64270128675
64390479723
64567903916
64725575297
64725842484
64729275810
64756700342
64762103425
64789538406
64804735113
64858675745
64991983051
65004281690
65005924381
65016845767
65064790343
65068050582
65071572705
65085852848
65088323273
65111204034
65131726485
65163726691
65187209045
65210225443
65225400124
65424311656
65468390636
65469950658
65491262002
65524478945
65553697438
65554350180
65571761399
65583429720
65598106191
65631351280
65654242102
65670142871
65671251194
65711736371
65864683179
65923400760
66004574547
66004942287
66005126956
66006728785
66006912143
66010759270
66020303996
66057731192
66077367223
66116251613
66266583978
66651508831
66674941618
66793194166
66819927822
66826641728
66897749404
67004456222
67005093756
67005725940
67049438341
67060078560
67084852059
67105374926
67108391831
67131543229
67135342513
67145851912
67169157680
67185515538
67237962919
67249383806
67319793218
67439803272
67446414611
67498114972
67531960395
67568450949
67572210499
67636067924
67645242508
67707600844
67736868379
67877349510
67934884236
68000439047
68004620651
68004621461
68005866517
68030475845
68047988477
68049607176
68059627648
68061749675
68090673528
68093718766
68095709098
68206026983
68210503972
68251716001
68330354094
68417190814
68421887610
68426085488
68481560440
68505198156
68554592464
68554957510
68563267116
68572112953
68615043121
68646124900
68675506316
68729539547
68790325760
68814427817
68817838506
68846923225
68855646115
68883485534
68918945471
68941378237
69004083247
69004959764
69005102152
69007000419
69012680193
69022519263
69045491808
69061844380
69084604020
69084797965
69092915618
69093616835
69095681342
69097952657
69105564718
69118571547
69134589745
69154531870
69155639151
69163772361
69330846497
69335131501
69383721991
69474266351
69604549445
69645493865
69694230518
69719801165
69724826405
69736815712
69737849266
69739042634
69827568560
69900619916
69909623510
69983389081
70072269900
70082730229
70099276439
70136370422
70138780695
70231408602
70308815366
70320731384
70347260170
70480364791
70495240053
70544745870
70613079635
70621725818
70788144013
70870481312
70952568164
70956155799
70988355250
71004196230
71005239510
71005254964
71024432654
71154866047
71207917116
71277362925
71386192144
71424124816
71524316530
71789820442
71790713995
71896258330
71983230681
72005269554
72005382954
72007642368
72008733692
72072125464
72076481984
72095439160
72116666883
72120046095
72150960183
72231303818
72418921651
72430340610
72515751227
72521425914
72530518277
72534020156
72605571317
72749438155
73068554076
73076581112
73109356794
73124610321
73130299544
73157919362
73182695868
73288998195
73362518920
73433055269
73510548920
73735632665
73750402556
73941765364
74005065805
74028270048
74052548400
74089754227
74107809030
74109600302
74113234889
74114857147
74120231530
74130443130
74154403086
74275063688
74429747709
74453482885
74457506140
74529506294
74711038580
74762230429
74956781327
75001177836
75005031336
75007408335
75071207094
75073413626
75092818445
75112253040
75112324384
75118565337
75123196663
75127114185
75149124774
75153550102
75163458982
75254860371
75274949866
75330451013
75349953534
75412020626
75413657328
75465146609
75598992716
75659039490
75698494045
75761829818
75780779293
75815140163
75944270255
75967571784
75989153699
76000005210
76009090715
76026154968
76049755453
76051958868
76056375685
76060549653
76087992998
76097394593
76104671589
76148970198
76199089780
76355638426
76370408317
76421028851
76562356906
76604592013
76611210102
76640576694
76673412879
76721607868
76745874254
76750969979
76776582693
76787282761
76800804328
76914884723
76994595338
77004098748
77073120485
77121473386
77131997830
77191901062
77195871941
77228450675
77239304724
77311510165
77413001496
77505868957
77557417261
77812307472
77816708030
77829359862
77867961557
77896699763
77914476179
77950227010
78007306283
78043769632
78053639115
78099065184
78119557719
78125531707
78126256862
78205894566
78285019708
78306323432
78337281588
78345431247
78370233820
78446978431
78693629425
78821615548
78829657952
78836957753
78926246721
79004080862
79004166349
79004170772
79054371160
79078299288
79116977523
79117529932
79146480515
79160595251
79174342927
79209886898
79262349071
79283699634
79298006092
79378017212
79402364882
79480989066
79492202447
79578875531
79640352662
79684755755
79685451696
79760148514
79788303326
79866748591
79868780589
80004260244
80004856053
80005803369
80007268233
80051399425
80084913235
80096058025
80105057529
80114143802
80142108161
80145257414
80151016492
80156428572
80156634749
80186520364
80215293998
80261830152
80332424184
80348538001
80355779265
80463885316
80586414745
80616763102
80701783121
80726651249
80761286973
80952878595
80973805243
81004082928
81006927233
81007141488
81057619986
81069213878
81098317125
81100922414
81116806163
81158840325
81170311593
81174456784
81280155088
81290460422
81310880462
81365607437
81426033432
81462345159
81553364708
81567107023
81682659117
81781710702
81817223553
81825577574
81922755143
81946144168
81960500420
82005110305
82007762018
82055042852
82071122524
82074132527
82084818986
82094095468
82103214713
82127444713
82136672681
82150945243
82151339329
82225547102
82251628211
82388979894
82500307649
82563872648
82586866464
82622718301
82678934628
82713872487
82758738663
82787261668
82862724352
82871178548
82959041981
82965609218
83005019670
83024339234
83051576062
83086151620
83121194660
83135401704
83137849135
83167130031
83171137764
83256561925
83259276700
83295983059
83498008518
83541817988
83695178998
83751600348
83776954731
83786843940
83837024255
83887357989
83977574073
84002705224
84004789726
84006053229
84007325313
84043519185
84129461249
84129707937
84140233790
84162575842
84168589417
84250151244
84281065547
84308043413
84309800184
84438432132
84495053605
84530647942
84574215024
84595614257
84603693288
84653151824
84690246401
84775458212
84941368751
85004076466
85005064666
85005596485
85005633670
85006162152
85006266280
85006716203
85020209355
85067699024
85073741796
85082258946
85085413832
85085415452
85098918686
85107546293
85116873292
85133724651
85176448204
85216417858
85226094135
85232014290
85360308462
85413988107
85517169601
85542735663
85547263045
85558516062
85606286805
85614237673
85696671223
85706989105
85725214364
85736208537
85756114223
85758730140
85771551845
85912188084
85917803177
86004162261
86093977621
86099894147
86109832091
86114195550
86125810577
86129637412
86138521643
86144767191
86170074372
86174396953
86254991629
86266834526
86390691545
86557688214
86602535651
86693237685
86710277298
86718001362
86761951767
86800958958
86852630495
86852826445
86977109503
87004238475
87004781122
87005140303
87006456266
87061300918
87069837627
87075933612
87080703680
87093865840
87109950361
87112051457
87151552760
87246256707
87246330568
87267901425
87271714796
87337503580
87415386165
87486483737
87518120221
87565053651
87616069977
87670414115
87690464536
87736760135
87776964889
87866137897
87948696214
87996634606
88004613067
88062387499
88081390926
88109464360
88117035408
88151552322
88183384549
88219345185
88277600607
88441353792
88447370208
88462864110
88491310186
88561206382
88614307746
88646584335
88762184608
88819011622
88846804347
88909510454
88912908549
88982661608
88997259919
89068902821
89090842470
89107286706
89115098913
89199183200
89276382053
89277942075
89304710474
89363058392
89385189234
89407403824
89443537189
89453017516
89522669939
89550850024
89704536022
89733177486
89738755249
89742307083
89833124364
89881683038
90004251816
90006691185
90053304261
90102661530
90125235047
90138516072
90151552331
90184214878
90187840202
90217244399
90355468664
90463327686
90570452633
90670043224
90676577035
90680959928
90859155652
90985898668
91003829616
91004224211
91005140385
91080509799
91089413650
91103258126
91127532601
91140611276
91308235484
91330198828
91469765852
91480733899
91525711747
91531619919
91566009857
91590122834
91648160010
91653995238
91887468396
92004057489
92004971500
92005909544
92067484146
92086054195
92087981510
92098187207
92102547393
92114767949
92119459853
92124762027
92126201791
92126318442
92156423755
92208024297
92325847092
92518972854
92588250583
92614269575
92619716188
92626712083
92641325719
92646174644
92710981437
92780343903
92864585091
92880074618
92983576839
93000125673
93004744763
93005091805
93005499758
93005986952
93006058135
93061557364
93065089736
93080116883
93093357165
93097333018
93104711275
93114091011
93115633326
93153323436
93153802805
93235712322
93244161048
93316567100
93411092571
93430504658
93447095467
93477132520
93483436215
93643688099
93657708854
93721943550
93731388312
93736262050
93770396335
93800951150
93859535917
93951300498
93953917074
94005628035
94005951673
94006314030
94075125010
94091534826
94101549919
94117688829
94121645145
94123522725
94135164817
94178965125
94257215547
94275221734
94288195795
94314031069
94317478262
94418826995
94430964900
94440426277
94493967364
94501798767
94509192513
94595597800
94626363306
94674628619
94715755241
94806293897
94949730469
94965075115
94971437292
95022653791
95027347914
95064042702
95083038654
95096788804
95142625208
95142629463
95143353155
95185481919
95290912141
95312088062
95317268827
95428365701
95432207304
95448150232
95487582538
95490572194
95505211826
95527897647
95537812366
95548178271
95673440273
95722374176
95738551437
95834484241
96004505373
96004811116
96005454704
96006640544
96039945136
96042635740
96050732197
96066593100
96088097929
96105736392
96112236539
96114942415
96134906933
96140017725
96206448228
96221218119
96318477406
96372268340
96386313286
96412620045
96514115810
96525412680
96536879169
96599565577
96718795784
96745950522
96849793256
96883363085
96896097554
96908082460
96914121604
96948676468
96975542603
97003186767
97005122592
97006497632
97006546658
97007293478
97025077450
97053431888
97071858163
97080848628
97081875881
97115906762
97119800869
97134682189
97141447202
97180413369
97236076288
97239620778
97300488255
97350905064
97379402182
97392135646
97397067466
97399290733
97420694950
97468305401
97577056756
97577321065
97585592579
97600179810
97608839310
97621239356
97805251620
97809240783
97818060760
97918697638
97929588990
98004769528
98008419761
98057776771
98114571881
98128097579
98131762948
98140810929
98152763441
98156878052
98174469248
98176632758
98210761250
98227492950
98239426680
98242984588
98324314950
98389348095
98542894389
98591304887
98617232200
98641022731
98689763298
98890057328
98906379843
98939634372
98973678779
99004414224
99004859821
99008610035
99023579925
99049307162
99057292752
99060260414
99081624768
99123899052
99134609833
99165120401
99202481137
99209950310
99214679753
99238594479
99431856160
99438951490
99451493184
99462682567
99571965073
99572820584
99620048104
99674034976
99676832382
99700687141
99720133081
99748476040
99751861942
99804795393
99851387565
99857937053
99886741544