16055735219
16058626282
16060284460
16062339138
16062762617
16064798282
16065410577
16067557920
16068548631
16068622460
16069289133
16070575440
16071964390
16074082691
16075701476
16076980407
16078115438
16079064413
16081214007
16082449953
16084598020
16084668667
16085021568
16085028351
16088247782
16088936310
16091021519
16091874109
16093056261
16093464512
16093710255
16095377370
16096549003
16096753010
16096864541
16096892211
16098283213
16098864058
16099752628
16102688122
16103244408
16104329446
16106103514
16108583151
16109019730
16109439434
16110588700
16110894507
16111637202
16112080261
16113184302
16114266910
16114932389
16118335216
16119043917
16120257902
16121614620
16122619630
16123793282
16124697901
16125567295
16127088475
16127632989
16127713731
16127827967
16128450782
16129616048
16132752357
16134647331
16135214179
16135864561
16136487726
16139584934
16142002908
16142703774
16142716167
16142846377
16143460250
16143768735
16145204039
16145470664
16151904046
16152020178
16152721336
16152851271
16153946402
16158569179
16158701912
16159635480
16160276319
16160441770
16160596069
16162088381
16163396736
16163478546
16163816900
16164175071
16164251972
16164252895
16165036975
16165555386
16165855470
16166848157
16167352712
16167366109
16168050548
16168138412
16169462837
16171900964
16181042662
16186637348
16187216261
16187343107
16187729806
16191956311
16193545002
16194305980
16197755289
16198122538
16199773383
16200972889
16204058121
16206221631
16206398135
16209079348
16209174798
16216511865
16216748925
16220426908
16221075524
16223162408
16229783311
16231783503
16234473626
16238607715
16241148695
16245727615
16247487577
16261421699
16261758244
16275948396
16280638679
16281311234
16282643478
16283010808
16284221251
16284531411
16287240245
16287855861
16291425871
16293052146
16293381983
16293921492
16294381734
16297504608
16297627366
16299441766
16299808270
16302801559
16303127633
16305336271
16306643799
16307924680
16308384841
16313409573
16315459159
16316414204
16316957875
16320106162
16321101846
16322157622
16323422987
16327933138
16336986918
16337158552
16337757315
16338614478
16338807836
16339210725
16340408510
16341259959
16342609323
16344351778
16345352064
16350530496
16354151823
16355437255
16358803270
16361647606
16365410337
16365514384
16366912504
16368409173
16374190311
16374696517
16375104255
16377523455
16378409881
16378691821
16381916765
16386484609
16389108075
16391230707
16394284169
16394524707
16399181327
16399530356
16399862753
16401566021
16402751051
16404206269
16406013347
16407737173
16408083437
16409106840
16419952001
16423380886
16425389983
16426781742
16427736700
16433246622
16435961698
16440570593
16448305488
16453569284
16453648600
16454122946
16454275043
16454976427
16462741244
16462893740
16464466150
16464890778
16465518728
16466703758
16467783979
16468912396
16469398051
16471101475
16479430975
16479476184
16479793715
16480180047
16482718236
16485356822
16485570969
16490168972
16493424654
16494592971
16495802857
16499702775
16503174299
16505518175
16516610607
16520964562
16521808021
16522365397
16523652920
16530482569
16531142806
16535614384
16542914266
16543067680
16544925200
16546201527
16554080926
16556755389
16560287114
16561227108
16566113250
16568860430
16572914134
16575939133
16576679791
16578295649
16579316093
16579674621
16581558966
16581982127
16583133132
16584846735
16585662891
16587138376
16587140132
16587973201
16589939907
16590732465
16597502375
16597751088
16598016919
16598123370
16600414319
16600690551
16601820021
16602419901
16602771068
16603476832
16605441638
16608001163
16608294674
16608591377
16609013738
16609081352
16609169280
16609242574
16609632762
16610533287
16611276473
16611279001
16613859423
16615755908
16616113793
16617007709
16618979131
16620509663
16623489464
16625483846
16626431746
16628075652
16630263813
16630612842
16633570276
16633907684
16641300231
16644196191
16644792330
16648092129
16654931974
16655388053
16655426355
16656022585
16658935248
16659863794
16659928562
16663183919
16664360655
16665392557
16670260701
16672094292
16672530931
16672819285
16673239001
16673304001
16674035894
16674633685
16675128066
16682297225
16687322465
16689446938
16691896800
16697972847
16698091200
16700561850
16703914613
16708846433
16710750322
16713266969
16713413747
16713670366
16714573851
16714794894
16717247742
16718514695
16719904698
16725430724
16729223673
16732852554
16735324096
16736694811
16736907376
16738252419
16739575171
16740084790
16742383905
16744863100
16746412764
16747390364
16748352612
16749579443
16750438016
16753318694
16756742106
16757374953
16758139064
16758262297
16760724460
16762009497
16762160255
16762214557
16764996416
16765979059
16767307729
16768028354
16768411371
16769476332
16770977526
16772528584
16775848472
16776277211
16776691650
16781129639
16781795076
16789232707
16789535528
16790782561
16793287194
16793938170
16795894282
16796911680
16797475116
16802358481
16804096174
16805809060
16808659007
16811881581
16812998047
16813812173
16814065799
16815449145
16821715311
16823190402
16823220410
16823754318
16828983969
16831583292
16834418535
16835287578
16836102612
16836880584
16838467261
16842239620
16846386906
16846868543
16849791266
16851002745
16856266962
16856285803
16859982373
16861650249
16862129251
16864373318
16864571892
16866447334
16871871855
16874003900
16874355029
16875537122
16878439201
16879863143
16883447808
16884292363
16884424139
16884909432
16890109194
16891626670
16895642936
16896868731
16898316827
16900287805
16903452281
16904503693
16905242511
16907068164
16909152488
16912833906
16913115165
16914807098
16915296754
16916519822
16917099053
16917383557
16922485137
16925301707
16930663270
16931595542
16931970702
16932114860
16934032454
16936106551
16937467437
16937816547
16938140088
16939630947
16939947760
16939952609
16943001168
16943464585
16944385069
16945313254
16947790510
16952098230
16953440114
16953487649
16960113563
16961535572
16963725968
16964261271
16964931314
16968890469
16969347315
16970635387
16970889312
16971396280
16974920202
16975466848
16975543318
16978311704
16979402239
16984530754
16987867678
16990236739
16990309283
16990437873
16996895145
16997514110
17001558201
17002512370
17002559873
17002711257
17004545108
17006129031
17007543609
17007870180
17008394250
17009481707
17009632740
17009666899
17014187553
17014661452
17018664850
17022311362
17022387070
17022551165
17023819760
17027243182
17028469559
17029621498
17030032930
17040402307
17041655107
17045410753
17046483620
17049680620
17049867837
17057235176
17057925836
17059209675
17059387206
17062504232
17066808782
17068966147
17070624930
17073741934
17076870133
17078083950
17078582019
17079586057
17079609952
17079932543
17081436130
17081868707
17088845103
17089464704
17089813814
17089813846
17095682863
17096371612
17097691177
17098773915
17099021516
17101370003
17102364628
17104643736
17106452402
17106949455
17107343272
17107498667
17108486835
17110574880
17110667706
17110713865
17113383636
17113923032
17115498924
17116367589
17118033959
17119880922
17120983585
17121868073
17122674801
17123159526
17125439250
17125963395
17126199802
17126277227
17128057170
17129540890
17129805355
17130990293
17131391556
17131442991
17131981198
17133069002
17133768555
17134855511
17135874118
17138445819
17138960602
17140805312
17141108241
17142662410
17142913461
17145367949
17146337941
17147783186
17148392792
17149118865
17149226806
17150627820
17151866272
17152685295
17153871508
17153982926
17155454928
17155568906
17156114760
17156534513
17158499060
17158970480
17159156995
17159728753
17159965851
17161182109
17161379899
17161605750
17162390203
17162992475
17163964669
17164181177
17164896440
17165086395
17166221503
17166592132
17166953985
17167673930
17168399317
17168935537
17169570129
17170530012
17171541615
17173853878
17176176958
17180264505
17180472993
17184095940
17184702506
17184710395
17186486568
17187325491
17191493783
17192079046
17197600778
17198108535
17199174376
17199237588
17199445980
17201875742
17202796145
17203143630
17206382663
17206464603
17208630818
17209492539
17212113154
17212257712
17216353812
17220911720
17220948100
17223802188
17226491734
17226523362
17229754538
17230290580
17231851687
17233103569
17234867889
17238049705
17239899437
17243953115
17245206854
17245364815
17245869887
17250071590
17257845899
17259066769
17259713215
17260350102
17262209758
17262270589
17263057116
17264360903
17266405424
17270204383
17271374838
17273815671
17275128314
17277198436
17277640167
17279615719
17282018325
17282395628
17283546250
17285520047
17287709126
17287920649
17293329624
17293869688
17294063036
17299668457
17305274753
17306789264
17309889064
17318356264
17320451923
17321075574
17323323729
17325383743
17326412562
17331417168
17340153634
17341404517
17341458792
17341763563
17342353411
17342853175
17343399725
17344821411
17347634341
17348238697
17348533473
17354566385
17355296406
17356101541
17356586649
17360964511
17363433510
17365249330
17365820623
17368465154
17369139754
17369787420
17374070575
17375990600
17376352275
17384149448
17386211002
17389269124
17397988374
17398312682
17401062513
17402435231
17404998940
17405793976
17406753314
17407028573
17407435852
17409976179
17410696912
17411710703
17412932032
17417446188
17417502246
17418380329
17419609385
17422428487
17422860650
17430322898
17430330772
17430927698
17440614688
17441147442
17442305904
17445909934
17447008370
17451329784
17453477203
17454537606
17455158697
17460484129
17460648796
17460673810
17462007615
17465270592
17469088937
17469312217
17472655038
17475568905
17476142510
17478082292
17479277053
17480270485
17482647371
17483805784
17485809848
17487375497
17487969735
17493208383
17496278369
17498902057
17501269675
17501327353
17501517249
17504563681
17505313007
17509080678
17514159751
17514452890
17515124742
17515298573
17520904060
17525438850
17525594980
17527024047
17527100754
17532843049
17533157491
17533796635
17538821843
17539413311
17540364871
17543627675
17543685844
17543736183
17543834323
17545918172
17552945683
17558105826
17558211823
17560917417
17562886856
17563063096
17565159641
17566820708
17572851531
17574358519
17575363535
17576499678
17577909694
17579639417
17580320924
17584103219
17586498303
17586992900
17589179548
17590321265
17590890873
17591618598
17593432998
17597074575
17597492384
17597990351
17599766178
17600268702
17601403776
17603112812
17604531133
17605251223
17605920358
17606030059
17606848640
17607007303
17607280235
17607397884
17608575560
17609860738
17610535290
17610943492
17613620224
17615618823
17616769309
17617586405
17624608900
17629072130
17631728800
17635697837
17639649179
17642118691
17643250585
17643411824
17644603944
17645532285
17646112283
17648135107
17649377215
17652984663
17654416446
17654702344
17655363801
17657415676
17659153369
17661443925
17662816643
17662977066
17663414461
17664630962
17664682958
17667971181
17670160260
17670441940
17670584575
17670779472
17671155857
17672264099
17672520805
17672671459
17673097195
17673595211
17676452793
17677354647
17677860390
17680190808
17682741072
17687341915
17689237925
17693292774
17693795066
17693807303
17694297671
17697542887
17697550793
17698540581
17701845337
17702067509
17706597224
17708266218
17708322097
17710093669
17710576052
17711676949
17715560867
17717749946
17718002893
17718487824
17721216476
17721708319
17722049653
17722713367
17724241788
17724640741
17725561225
17726548221
17727625909
17728794874
17730330758
17730600537
17733070643
17733133887
17733606825
17735262578
17735532357
17741784709
17745976530
17749517466
17750032469
17751307064
17752810241
17754464110
17755130793
17756786304
17760280660
17760746421
17762621236
17763266363
17768198183
17778823132
17792187505
17794015745
17795832322
17796102548
17798511721
17799854431
17802034987
17802945061
17804791693
17806411251
17806779412
17807264224
17808419845
17810634493
17811536315
17817721966
17817961769
17821431874
17825082668
17827193183
17831938195
17832304521
17832962101
17849068199
17850072308
17851836105
17855361095
17856331718
17857841823
17860403129
17860679323
17861571365
17865394894
17865437457
17866332059
17870616829
17871020221
17872816606
17873137355
17873691935
17874820352
17876334355
17880019428
17883023006
17883064003
17890428873
17895576332
17897584996
17900454583
17901195053
17903545635
17904772585
17905054087
17909474646
17912355811
17918964374
17921927494
17923401559
17923733956
17928853583
17929443544
17931042662
17933734265
17936059127
17937056237
17940436437
17943623474
17944176218
17945474173
17950130749
17950269588
17950650985
17953971958
17955224424
17955487468
17955828608
17955829224
17959437013
17959885402
17961714338
17963137378
17963745019
17963785044
17966334346
17968453236
17970257327
17974008211
17976094371
17976113930
17978119646
17978544696
17979952293
17980642979
17980791868
17988231654
17989645806
17989653744
17990523009
18000097898
18000599235
18001253256
18001587435
18002155029
18002253860
18002621730
18003711293
18004186725
18004235250
18005542601
18005587226
18006027196
18006071147
18006207227
18006537680
18007310447
18007768275
18009494240
18009555864
18009790327
18010123005
18010422311
18012561029
18015112902
18015898693
18022538166
18028448240
18029126587
18030668584
18031180030
18038337675
18040907924
18041096044
18042128826
18042636739
18044223486
18045530805
18047364251
18048574628
18049479765
18050541341
18052672893
18053623498
18055440232
18057432583
18057441380
18058053740
18058179301
18059300319
18059571124
18059683659
18061152599
18064594371
18064697900
18068557906
18068574592
18069442739
18071598635
18072169610
18072696121
18074641389
18079748828
18081775475
18082166694
18083027276
18083789097
18084268655
18087048769
18088419803
18090846697
18091655968
18092439854
18093984049
18097919607
18097944717
18100311029
18100727018
18100803757
18101457794
18101770601
18102757693
18103415165
18109235361
18111243540
18115499102
18115594665
18119475872
18120488674
18121366202
18123509008
18124015198
18127317266
18128485858
18129342795
18130448035
18133225331
18135064916
18136572337
18137174540
18137731447
18137746637
18139821695
18142396674
18146453090
18147163460
18148079645
18148172347
18149841860
18150079594
18150204103
18151291646
18152542060
18152874845
18153749758
18154195070
18154252132
18154305656
18154746868
18154771801
18155472067
18155902113
18158180993
18159308675
18160093916
18161579672
18162202465
18162620242
18163014328
18163720977
18164324930
18164895256
18165348845
18165989140
18166217090
18166324447
18167314267
18167326590
18167352785
18167401747
18168485176
18168565091
18169432298
18169803856
18169912396
18170135972
18171772680
18171935959
18172685226
18174246328
18176843453
18178701032
18180353005
18186427891
18186920582
18190386787
18192482549
18193854619
18194202671
18195137535
18195640059
18198776525
18199714462
18201433459
18203524728
18204164579
18204758817
18204992033
18209858761
18210132023
18210334242
18210984882
18211322668
18211772807
18212408808
18213992088
18213997639
18214834780
18214994749
18215266062
18217072718
18218156752
18220183868
18221263340
18223792101
18236022960
18238683470
18241232739
18245507455
18246994923
18247030423
18247065166
18247080330
18247586487
18247728902
18249542125
18251017507
18253919299
18254140392
18260880910
18261764814
18262264703
18262302875
18265147892
18265209166
18266533446
18267308373
18268459987
18268487576
18269577188
18269857751
18272438896
18275403146
18278248244
18279236638
18279484072
18279756793
18280648489
18282739596
18284781056
18285590408
18286510589
18287030048
18289219127
18289559462
18290082759
18291017953
18292191767
18293059083
18296909148
18298408976
18301320651
18301851854
18302756991
18306783674
18308119099
18317667045
18317780170
18318833283
18319916750
18321373664
18323868469
18327592990
18330154313
18332550061
18334739140
18335060607
18335871034
18336498599
18337011799
18339193006
18340694038
18342098335
18344059377
18345895955
18347641419
18348120766
18348896692
18349252379
18351085771
18354338693
18354625789
18356671553
18359473985
18360027610
18360937100
18362616974
18363120497
18364079235
18365309576
18367177479
18367974833
18370240397
18375095732
18380726549
18381342155
18387197256
18389848732
18390426898
18390614722
18391723045
18392899618
18396103412
18400487255
18402780975
18404101178
18404158337
18405342331
18408944903
18409619249
18410165335
18410990342
18413751939
18414074195
18415362786
18422440928
18424950622
18426575109
18429493064
18430948736
18440944752
18441015076
18441126818
18446710430
18446710511
18448537136
18453144362
18460496159
18461773832
18462402630
18463289261
18466736745
18467190464
18469779532
18470913424
18473017258
18473842346
18475203945
18480699476
18481475543
18481494399
18485402137
18486816208
18488458170
18489564257
18490035164
18490372103
18493671643
18501151744
18501596358
18504345871
18504378994
18504956136
18506272488
18507343244
18508705739
18510127160
18515819159
18521891648
18521913443
18523475927
18526194142
18531635031
18531662149
18534677315
18536360597
18536891623
18542794325
18548240123
18548245382
18548579836
18548757761
18550218989
18552207718
18553890882
18554769101
18563729871
18563893216
18564180339
18567018833
18567352148
18569962730
18574243984
18575792839
18579590217
18582122039
18583558509
18583944037
18587256078
18587433080
18592394524
18595417525
18595672475
18597551530
18598926337
18600546077
18600698492
18601193122
18601398127
18602510781
18603324296
18604862071
18606903708
18607837325
18609471743
18611987586
18612521053
18612826978
18613650010
18615179348
18616771625
18617598467
18618355904
18620620356
18625511309
18626589467
18628620791
18628832941
18630212009
18630990996
18631743735
18632368439
18632648921
18634634107
18639803905
18642042810
18645161579
18651294106
18655264477
18657382395
18663677148
18663974672
18673764127
18678721775
18680314688
18681686780
18688556450
18689770186
18690826372
18692186394
18693437100
18694254422
18697196914
18698530423
18702323549
18706115818
18708185908
18709973681
18710260400
18712043549
18713446734
18713594683
18717189058
18718857842
18720068667
18722324372
18723141662
18724062146
18725422746
18725911948
18725996453
18726327851
18726898307
18727953078
18730900134
18732649479
18734199107
18737792483
18739224347
18739426566
18740200575
18740588419
18740766344
18740968563
18742358480
18742894289
18742919821
18743735011
18748524292
18751838876
18756387928
18759595458
18760084379
18761371885
18763789109
18764984987
18768390589
18768394974
18769008689
18771445305
18771574462
18773507851
18775047710
18776847535
18782151804
18787265096
18788308231
18790057404
18798078300
18798524917
18805681558
18808704559
18810059716
18811414959
18814084455
18816287018
18816404489
18822680753
18824961918
18825243177
18825383269
18825517341
18825561194
18826989807
18829451699
18833627287
18836684573
18837968547
18837976485
18839284899
18839653240
18839782947
18840013068
18840331085
18840934314
18841511784
18842576826
18846922892
18847843457
18847894255
18848342504
18848660585
18849061573
18849503185
18849595449
18849944559
18851454464
18851564106
18851967491
18856710565
18857585694
18861453234
18862664146
18862775596
18865385546
18865492709
18866446678
18873325997
18878546130
18880464819
18885396639
18891725742
18892708709
18893812464
18896137245
18897142293
18900704273
18903132928
18906155870
18908459099
18910456586
18910534028
18911624380
18916673196
18918418601
18925483679
18930786410
18933719759
18936536001
18938609578
18941274554
18945285971
18945335694
18949934199
18952303179
18954407694
18954571039
18956810943
18957311642
18959024144
18960679292
18962012423
18967940403
18969392068
18976605075
18981041602
18981503863
18982210626
18983343983
18992288905
18993667892
18993852335
19001271540
19001328434
19001376834
19002420028
19003242626
19005020128
19005958216
19006105102
19006114076
19006288005
19006886924
19007362745
19008626793
19008730042
19009267859
19009555426
19009687030
19010465925
19010529898
19010613626
19010762321
19013824763
19015590045
19016231667
19016720837
19025059819
19025416786
19026337189
19026413800
19031467260
19034079056
19037262966
19045614844
19047713117
19050693706
19053995482
19054234141
19058556835
19058968277
19061058180
19061540341
19061772319
19062819886
19064456800
19065186949
19066884893
19067558365
19068073450
19068232037
19069545489
19069908915
19071661528
19073697193
19075177150
19075853575
19077037671
19077859001
19078012576
19079445051
19080741385
19083297027
19087005407
19087588024
19088048999
19088772276
19089070027
19090822046
19091162877
19091211451
19092974880
19095566108
19096214907
19096797330
19099005357
19099640743
19099822458
19102422202
19104325340
19107367381
19107599214
19108403701
19108602151
19112874684
19113399483
19114962346
19115220925
19115705348
19118858581
19119188500
19119410305
19123201196
19124181949
19125799859
19126839306
19127640385
19128559951
19128561820
19129904314
19130161861
19130546799
19131275816
19132260134
19132576395
19132737747
19134629146
19135010813
19135093681
19135897255
19137405939
19137433366
19139457740
19140015112
19140028584
19140685629
19142742673
19142910025
19143168490
19145009334
19145523452
19145831830
19146695365
19147249394
19148237805
19148648388
19150556630
19151172575
19151838935
19152298934
19153406890
19154267850
19154865835
19154969963
19156339182
19161762910
19162016887
19162028195
19162817837
19164178330
19164554607
19164790490
19165744977
19166950387
19167509935
19167651879
19168257678
19170892015
19171109073
19171923631
19172072660
19174488247
19176396942
19177937206
19179291995
19179382700
19179987500
19183475683
19190190173
19190287448
19194816105
19195448920
19197993800
19201893701
19204603016
19208780639
19210272724
19216215769
19219796904
19223779021
19224760357
19225462190
19227702407
19228690742
19231156786
19235956280
19236633785
19242782512
19244393634
19245818019
19247632419
19249668084
19253282013
19253808264
19256551086
19258907560
19260278981
19261388406
19262217948
19262680469
19264326924
19265527792
19268242108
19268548568
19269352288
19270627978
19283357723
19283602818
19284199761
19285705459
19289708938
19294510052
19294743693
19297589844
19298034275
19299837918
19306320591
19308304119
19309052683
19309409887
19315002597
19316049350
19317459970
19318004468
19319885639
19320862839
19327855316
19328172938
19328438791
19329086791
19331526894
19334678739
19338822586
19339473114
19339887628
19344575886
19350397588
19350730747
19352458277
19354644996
19356489507
19359039312
19359832313
19360128902
19360305147
19360631426
19360850736
19363309702
19366414059
19372605618
19373588300
19380984604
19381670582
19385339844
19388535791
19392034926
19398076911
19398403816
19399803507
19402119118
19409246486
19409867454
19410690786
19413706352
19416259353
19416546368
19419487905
19419822699
19427996593
19428843006
19429143343
19429579015
19429824850
19431029244
19432577078
19435450683
19436295281
19436783560
19437919374
19442692968
19450409234
19451310186
19451973187
19452290664
19453964713
19455387721
19455900958
19458257939
19463303991
19465789249
19465807674
19469215107
19470422098
19471108136
19476846301
19477206275
19477853438
19478598244
19479064200
19479427803
19487531469
19488136200
19489959315
19491798204
19493368135
19495615124
19495615205
19496693757
19497039217
19500764293
19507683254
19508938522
19509642789
19515626297
19516894342
19519505933
19520013420
19522746197
19523863684
19526205259
19526206971
19526611340
19529327232
19530094280
19534573715
19537867585
19542675092
19543792741
19544747650
19545035600
19545417833
19546547907
19549242329
19550105206
19550145182
19552209721
19556236404
19557410580
19557456226
19566249618
19567492849
19568350564
19570570682
19572381388
19574006092
19576076182
19577416359
19583188225
19584808786
19587598998
19590992488
19591046898
19591712055
19593102085
19593279621
19596042989
19598209330
19601228032
19601259648
19601328018
19602057871
19602397240
19604038726
19604863797
19605412422
19607164090
19607392553
19611825785
19612534168
19612793471
19612878035
19614859824
19619961895
19620433710
19620582631
19631575977
19633137889
19633403991
19635518183
19636743675
19638418804
19643216493
19643815337
19645206226
19647219972
19647289724
19649288269
19651756831
19653687752
19657262595
19659954198
19660316452
19661130103
19662120036
19665768977
19665924697
19669948524
19670364464
19672032486
19672783664
19675851426
19675963460
19677216346
19679982269
19686976344
19687461156
19693618371
19700455294
19700730969
19701148848
19701799089
19706119635
19706214972
19707595185
19707886634
19708992414
19710075713
19712574007
19712691630
19721563095
19722156938
19722312658
19726059448
19727954271
19731283176
19731590825
19733086927
19735197442
19735368384
19735615035
19737154035
19738301530
19740023681
19740024621
19741432282
19745435842
19746606729
19746760964
19747629301
19749811554
19753740691
19756482714
19756519795
19758402759
19759087107
19763280871
19764544179
19764870539
19766134663
19769377179
19770580753
19776436529
19779344926
19780500942
19780902470
19781891890
19785976083
19786080843
19793264959
19793452798
19795424210
19796021412
19796648530
19798396088
19798661655
19801045986
19804708634
19805807124
19805896909
19807199152
19813766858
19813794528
19814426820
19817078835
19817501936
19821270742
19823787833
19824140879
19824557371
19824621836
19825882461
19830676791
19831933960
19832238897
19839719653
19844019522
19847925876
19849708767
19851452131
19851809367
19855272328
19857210016
19860610784
19866889008
19871657456
19874241394
19877607565
19878772194
19879103916
19882372720
19882500900
19882974960
19883327742
19883705526
19885187707
19886191670
19889708021
19892732021
19895080194
19896658128
19896686764
19904796937
19907418751
19908050977
19909065675
19910698441
19912287100
19912959923
19913812556
19915230094
19915903663
19924454978
19926214385
19928803734
19932336397
19938523734
19940289361
19942569473
19945271234
19946817966
19949784246
19950759658
19953388044
19955435788
19955779655
19957854988
19958490213
19959277996
19959426411
19960933761
19964061484
19967933560
19971411057
19973260104
19979605854
19980709150
19982501232
19985877565
19986656175
19987937719
19994290463
19994895263
19996054724
20000186943
20000979582
20001268293
20001597164
20003803156
20003866859
20004198074
20005187020
20005700112
20005730594
20006403256
20008636075
20009556683
20009578116
20014192939
20016652532
20017138116
20020865039
20026465034
20030571642
20032616163
20033821006
20034054804
20034340766
20036599548
20038177272
20041509298
20041623412
20046344199
20047120509
20047721551
20052466309
20052853824
20052875159
20057398129
20060180350
20060495995
20061257725
20062266224
20067072726
20068027667
20069917095
20071400470
20072693700
20075564340
20076452974
20077298625
20077830347
20078786395
20079694616
20080375793
20080910205
20083450700
20084007321
20084545959
20085221057
20088185916
20088725295
20089309872
20090594877
20093373874
20093755881
20095591697
20095624201
20096092170
20100127422
20100562322
20100577544
20102327344
20103363831
20103803774
20107320875
20111105401
20111708500
20112806357
20116048107
20117976409
20119028545
20123380308
20123878026
20124600799
20125833852
20126336301
20127088493
20128187226
20129433929
20129629410
20129637736
20130052672
20130407047
20131443502
20132084050
20132568953
20132632209
20135896892
20138063993
20138650045
20139165011
20140575274
20143053296
20143099650
20144793759
20144962774
20146985355
20147210875
20147219440
20149754745
20150067135
20150113001
20151472221
20151804321
20154252529
20156489814
20156868278
20158710840
20159924231
20160514963
20161079079
20161108407
20162033427
20163453622
20165006511
20166069899
20167085494
20167912003
20171137497
20171229319
20171348530
20173542285
20178311981
20179160488
20182670979
20183946578
20184698787
20185204520
20186191094
20193209215
20197630929
20199427844
20201128665
20201193994
20202095848
20203198755
20203385914
20206974560
20210842100
20212773198
20213678271
20213904493
20214436712
20214921060
20215966726
20217433226
20219118058
20219616138
20221370544
20226845868
20226984988
20228665096
20230736617
20233683133
20235988010
20236877260
20238984680
20239441018
20240705660
20241430211
20241593689
20241615759
20243320329
20246547579
20247431263
20250438328
20250897085
20252552682
20257427548
20258281369
20261428905
20265298798
20272343542
20272628769
20278184312
20278417705
20278588750
20278907668
20283137035
20285765695
20291854746
20292660199
20293592439
20294963618
20295096334
20295453382
20297229096
20300912819
20301336967
20302992160
20304504408
20305139734
20309171763
20310978225
20311271521
20311706971
20314001453
20314645711
20314755287
20316018876
20316160837
20322712959
20337668314
20338481025
20341395200
20342353078
20350439724
20350661907
20352165979
20352545157
20352847087
20353812980
20358455457
20363276372
20365952024
20367912062
20369562804
20369597547
20371722037
20372053958
20375580300
20375644548
20377416747
20377425512
20382591724
20386933060
20389357017
20390146216
20391663724
20397160659
20398053409
20402046601
20405916057
20407790052
20408860369
20409792609
20410295360
20410704318
20414604123
20415496537
20419059533
20420441021
20423127736
20429768548
20430335796
20433690595
20434680513
20435851012
20436120234
20437858472
20438800399
20438857300
20439529086
20440047551
20440148379
20441283492
20441462713
20442446134
20446253695
20447279134
20449203651
20450209163
20450649565
20451522800
20452628363
20452749712
20453957951
20457011554
20457782447
20459259838
20461849397
20463233277
20467449392
20469162288
20470136696
20473255369
20473599123
20476183255
20482275896
20486091337
20486785124
20487612901
20493013106
20493249096
20494382977
20498021552
20500363056
20500377468
20504408045
20505413093
20506554923
20507182306
20507529385
20508059967
20508581106
20509713081
20509745605
20511013249
20512756029
20512930859
20516187443
20516732622
20517027758
20520899887
20523245885
20523892967
20525079849
20526585569
20526988971
20527253744
20529107898
20531201263
20531218186
20531725095
20537844985
20538853533
20541315015
20545973514
20547306121
20547969203
20550721345
20559399339
20561082217
20561349123
20562918087
20563274973
20564569364
20567814629
20571098795
20572944700
20574107659
20574306158
20574803202
20575174278
20578452101
20587405662
20589475752
20591467763
20593092337
20595342852
20597405549
20598924613
20601494364
20602865462
20603798689
20604004306
20604561122
20604926507
20605113595
20605647358
20606106218
20606960865
20607238684
20607589873
20608768440
20609417147
20609844028
20611318195
20612339599
20613104780
20613760966
20614049607
20614653635
20616853412
20619401887
20620224680
20621510442
20622354537
20626780156
20627282680
20627483042
20631434394
20633411572
20634250165
20634517071
20639800307
20641550047
20645403552
20647302435
20648948015
20651992696
20655923594
20656418024
20663461735
20664002437
20665736177
20668257027
20669458089
20669799332
20669848245
20671319950
20671392558
20673022996
20675497304
20677449323
20677524269
20679283050
20680689922
20681174734
20683886954
20684589985
20689040493
20689351819
20689618725
20690531660
20691560970
20703048811
20705599760
20706678987
20707523375
20713960780
20715425848
20716392805
20717071704
20721323016
20727095254
20728098757
20734483458
20737850413
20739110152
20739138976
20740960898
20742907296
20745109189
20750250459
20752091212
20753614703
20755069830
20756118558
20760032716
20762668229
20763351745
20763380257
20764099094
20764644354
20774013327
20775961069
20776117842
20781904789
20783076471
20786554249
20792050693
20792983392
20796698144
20797744086
20799711350
20800642714
20802852388
20805771283
20807340598
20807354752
20809274209
20811917115
20812596181
20812813493
20813170304
20814960053
20816576451
20819722621
20820431905
20821969512
20822565774
20826595049
20828864211
20829584478
20830867027
20831386787
20832302568
20833233949
20833821600
20835194047
20837234388
20838813991
20841607870
20842008118
20842464170
20843076837
20846781556
20849047358
20852156694
20853523311
20854091072
20856629261
20859729287
20861875776
20870072971
20870423944
20873461261
20873583565
20874189445
20879536315
20879908715
20881354905
20887928638
20892597354
20892853962
20893504144
20895173192
20902420947
20903081065
20903715338
20906576604
20907692249
20911245104
20914741393
20916441470
20919038891
20920959676
20923417049
20926466073
20928288648
20939728937
20940481492
20941733185
20945107807
20947041051
20948527389
20949856977
20950428260
20952311305
20954652982
20955210856
20958151103
20962486929
20965469959
20972452527
20980033986
20980061462
20983050119
20988629539
20993262798
20997216922
21000201436
21000476933
21001809658
21002407589
21002767624
21003773644
21004108589
21004612955
21004738403
21005574210
21006974208
21007332174
21009512430
21010509145
21011059135
21020074435
21022765179
21023081620
21023484120
21024145538
21028991876
21031725966
21032314810
21035139193
21040862135
21041692720
21043895509
21043957668
21049502303
21050660688
21051722485
21052003226
21052308844
21052362191
21052672464
21053588504
21054605853
21055620751
21056021820
21056210857
21058778697
21059328277
21059585107
21060142473
21060416944
21061066370
21066875107
21068583186
21070566110
21073694902
21073967305
21075128111
21075781705
21077227431
21078294325
21078899125
21080044800
21080188245
21080516911
21081342981
21081637945
21082276873
21082612494
21084792113
21085693027
21087454340
21087763722
21089885204
21093669016
21094844196
21095421570
21098664248
21100229669
21100627650
21100751887
21103153057
21103361611
21103674120
21107051323
21109290541
21109372545
21109662973
21113366806
21113941307
21114700315
21114805528
21119875400
21121631436
21122807130
21122939299
21125081610
21125609805
21125889584
21127075581
21127416834
21131686425
21132666525
21133068517
21133229270
21134402026
21134873543
21135201609
21135413160
21137408201
21137790931
21137991050
21140717509
21143129220
21143961775
21144950591
21146317455
21146428873
21146864664
21147806133
21147840202
21148062195
21148693045
21150644108
21154605262
21156526706
21156543586
21157823996
21157908479
21158299882
21159321903
21162291465
21163663486
21164108975
21164943896
21165371906
21167030775
21167819942
21168052650
21169219854
21171389185
21172100268
21175352451
21176539338
21177337787
21177341131
21178121760
21182472432
21184806878
21188212448
21191277100
21192107678
21194706909
21197914277
21202254624
21206853048
21207516794
21208701873
21209308595
21210042731
21210829101
21215831623
21217551609
21218509931
21219909767
21224356775
21227399530
21228233452
21231703918
21231870190
21236030938
21237277032
21237791263
21239133104
21242566995
21242589319
21245055807
21247474926
21247597927
21249253044
21249600647
21250247248
21251405629
21251698752
21251707478
21252045416
21252197750
21252336848
21256987895
21257456637
21258576748
21261026598
21261802282
21266097668
21269023605
21269093308
21271844991
21274516247
21275481567
21276049976
21277282133
21278078988
21278202557
21280978918
21281328946
21281787752
21285919076
21287227458
21289309817
21289581470
21294698466
21297239668
21297414116
21299771027
21301091909
21305377268
21305936908
21306247662
21309587346
21313057807
21315314354
21318200401
21318985819
21319843372
21321166523
21328693108
21328709826
21329533116
21330556685
21331090675
21332145425
21332792507
21334613263
21334718476
21344641592
21349899540
21352525149
21353789818
21359860169
21360391961
21363414962
21366109152
21366241150
21367529654
21372974361
21377882469
21378986348
21380178317
21380532935
21385684875
21386957963
21388376554
21389227335
21389380922
21391374909
21393756239
21397246303
21397968790
21400947386
21403476449
21403554550
21404220267
21404551660
21405308961
21406630606
21409016380
21409918158
21410367125
21412386449
21412481916
21414709832
21422167572
21428536511
21429090329
21429164039
21434304936
21436490969
21437796954
21439217996
21442988476
21447204764
