43005219134
43006132490
43006282545
43007564818
43008597304
43009158510
43009548681
43009935488
43010105469
43010555478
43010823669
43011495543
43011772612
43013015648
43015755489
43017785279
43020183867
43022104432
43022334709
43022493075
43026396956
43028124325
43031814587
43037816628
43044164960
43044249524
43045089942
43050210136
43054476627
43056771967
43057615507
43058312339
43058876164
43062255824
43063019189
43064365917
43065851792
43068163020
43069786826
43071326933
43072191414
43073385122
43073450316
43073646055
43074257588
43075057868
43075400698
43077425963
43077988044
43079588604
43081954592
43084556717
43084587864
43086835857
43086969162
43087394563
43090578694
43090835227
43091349140
43091364724
43095928237
43095955016
43097694598
43099691120
43100789937
43101480263
43101693449
43101792011
43102683205
43103477069
43103810034
43105192649
43105195079
43105248070
43105467574
43106141084
43106238101
43108280721
43111196742
43112980373
43114743581
43115488662
43115668563
43116980439
43117457998
43117755366
43118503763
43119181279
43120051397
43121237054
43122913117
43123910001
43126804157
43127760373
43128847210
43130353890
43130715523
43131042914
43131770947
43133781896
43134521065
43134927334
43135680779
43136976931
43138236670
43138435444
43138476829
43139430934
43139580746
43139584035
43140604732
43140790265
43141442515
43141458240
43142010028
43142055749
43142374544
43144362171
43148448658
43149930197
43151759134
43152820515
43153203828
43153841482
43155975756
43156727474
43158887604
43159082792
43159631486
43160195629
43160220199
43160225669
43160963164
43161377948
43162264094
43162638244
43163811934
43164122963
43164324216
43167889134
43169588578
43169840381
43169941226
43170745647
43171783899
43172021522
43184121458
43187636211
43187990337
43192370315
43192890632
43193657621
43194086375
43196196468
43211004370
43212332197
43216275137
43217276907
43221552212
43227223632
43228088960
43229858060
43231088935
43232566953
43233070476
43234531371
43236996249
43237182512
43238218453
43238807253
43240216944
43243541357
43245148764
43245526192
43245651288
43249635009
43251655430
43254017654
43257489023
43257826744
43260612561
43261657790
43261795409
43262474001
43265585798
43267308561
43268917761
43273369256
43275167311
43275629491
43278225287
43280289621
43281019166
43281433767
43282211503
43285314861
43289699774
43293710560
43293954008
43298154182
43298285413
43298324331
43300644645
43303749979
43309529875
43310799232
43312408162
43313162628
43313932058
43316521385
43317574989
43318720627
43319091639
43320356044
43326361762
43329562439
43330184951
43330320103
43334232813
43335177073
43336198526
43336581511
43345172829
43345439654
43348311547
43348779338
43350628471
43351351402
43351351498
43351503633
43352442952
43352803451
43352851851
43359386580
43360152651
43360517680
43365510100
43369178896
43374156471
43374311705
43384302100
43385281751
43385346907
43385873143
43386864129
43388962607
43390598024
43390658595
43393663307
43393995704
43396845964
43399123323
43404308910
43404811434
43405295533
43405483291
43405791912
43407097329
43408913620
43409503483
43410499685
43410848795
43412136172
43414519877
43416061556
43417467397
43418897717
43421687049
43422387456
43423082280
43423297167
43425493623
43427871939
43428446122
43431300853
43433405244
43433731523
43436576540
43436842047
43439934956
43443104977
43445004395
43445299430
43448200828
43449648282
43451430255
43459850443
43460372536
43461470086
43463046427
43468398821
43469896716
43472698452
43477238086
43478199853
43479641367
43482539423
43484030223
43485109137
43485770281
43485832926
43486388985
43486533047
43486829610
43487354560
43488029149
43490665311
43491922495
43492198089
43492856387
43498938181
43502099059
43502167828
43504281199
43504682209
43506030125
43509404234
43510602364
43510946231
43511070544
43511639849
43517756699
43517765626
43520673747
43521564553
43521896950
43523812546
43525882636
43527538956
43528799694
43529321740
43533036199
43537581579
43538205901
43538964115
43540837510
43550877486
43553294127
43553734006
43557933181
43559052914
43561445643
43562681714
43564617678
43566377463
43568729714
43569273618
43571264350
43576362015
43580220833
43582235508
43583845162
43584482470
43586977211
43587076446
43589267264
43593804873
43596714005
43597919484
43598410582
43599137843
43599876649
43602533050
43602669766
43604722410
43606187839
43606520593
43606670535
43607110473
43607901799
43608136991
43612498517
43613003568
43618992066
43621622881
43623244776
43624353099
43626085376
43627158108
43628823010
43629598686
43634659269
43634830202
43638454087
43639017318
43640019266
43640474751
43641564363
43642438547
43644572552
43645986623
43647396304
43649693151
43649845544
43650779128
43654249848
43657543935
43659799029
43660337814
43661430024
43661908140
43668457643
43670204769
43672464060
43674208977
43677026142
43678002985
43679802390
43681469391
43683227534
43683834429
43684456315
43690334107
43690800840
43691173602
43691523699
43693585512
43694857822
43697686984
43697761915
43706092883
43709115965
43709615471
43709942948
43712724116
43712744684
43716642950
43717569471
43718158460
43719735492
43719815989
43720026935
43720901697
43721599340
43723011753
43723389747
43724363260
43735146304
43736117477
43736991743
43739018552
43739862351
43741546146
43742231412
43743957408
43744574952
43746515151
43750399197
43755176108
43755676936
43756774341
43757629652
43760744340
43760914585
43767338058
43775427479
43775823791
43778337513
43778467642
43780600377
43781945884
43785288204
43790148538
43793021079
43796278877
43800633691
43801308135
43801739708
43802617219
43804629108
43807806231
43809513630
43810923942
43812621254
43814003201
43816048358
43817097076
43821165102
43821392382
43822927343
43824485135
43824927762
43828562556
43829013154
43834815178
43836465451
43838229712
43843522149
43844080013
43844704387
43844755347
43848621445
43849078878
43854332663
43854923051
43857496750
43859765187
43862992071
43863190337
43865148393
43865962951
43872114339
43873688650
43874394522
43875116129
43875701397
43875971699
43878786121
43879127546
43881174006
43883245462
43883697398
43883891540
43884819800
43886475747
43891232424
43891427628
43891564740
43892544840
43893715759
43899189162
43904697372
43905942218
43908216860
43909126571
43909284839
43912747433
43912831176
43914561833
43916842593
43917612423
43920020925
43920301185
43923245378
43924711975
43925380404
43927248857
43928231523
43932601737
43932956053
43933778877
43937303442
43939224869
43940618949
43945997107
43946175091
43946892756
43947106288
43948594291
43949487122
43952017356
43953837491
43955652831
43956126945
43960331407
43961180654
43964186861
43969692291
43971415279
43971494681
43974545190
43974576774
43977688157
43979155834
43979176197
43984871437
43986310073
43986845742
43987586244
43990124433
43995208646
43995490230
43997031924
43997694876
43998906318
44000049329
44000620379
44001265604
44001271954
44001333115
44001414115
44001427587
44001765304
44002401569
44002611905
44002639407
44002739005
44003474468
44003721891
44003846642
44003870942
44004098168
44005294986
44005359916
44006441498
44008588841
44008611921
44010151617
44013664846
44014163957
44014623276
44017027211
44019086916
44021218302
44021398483
44022313616
44023640164
44026262889
44027684898
44031190773
44031631705
44034900697
44039809012
44040479199
44044110068
44048190427
44048762023
44049110657
44050704127
44050894013
44053416261
44053638163
44054606987
44055920306
44059280602
44061894568
44062817358
44063083206
44064470487
44068313225
44068833461
44070961002
44071259713
44071836881
44072495460
44072527589
44073434563
44076654772
44076690849
44077033587
44077036115
44078177572
44082377929
44082935177
44084172198
44084621068
44085875823
44088322536
44088912065
44089324792
44091204705
44094272440
44094410502
44094604798
44098572573
44099817106
44100223649
44101992042
44102689883
44102779680
44103681572
44104195922
44104308582
44105106308
44105245072
44106185395
44106457005
44109699645
44110635848
44110697419
44112329558
44115332213
44118225559
44118487535
44119093534
44119937964
44120466057
44121306065
44121436162
44122865623
44123114002
44125055771
44126415469
44127718781
44127774298
44128807713
44129284867
44129418069
44131287619
44134595681
44135350498
44135455453
44136803293
44137129787
44138189246
44138265953
44139345958
44139400963
44141154154
44141403634
44141489030
44142674141
44143089492
44143522605
44143905373
44144872524
44145983482
44147079838
44147431627
44148759962
44149146958
44150413345
44151922753
44153066089
44153297771
44153299828
44154796719
44155057728
44155898767
44157363340
44157797537
44159870862
44161199067
44161310130
44161440615
44162221892
44162905106
44169344692
44176445994
44177145435
44177297931
44177687087
44180979014
44184228755
44185971460
44188036015
44189041144
44198218244
44199483793
44202184171
44202237906
44205926312
44206851526
44206931360
44212270679
44213703840
44215885062
44215962886
44218524210
44219095902
44221465599
44225095804
44233569937
44235565907
44235922874
44236530510
44236753092
44237587241
44237964166
44243898258
44247183430
44247672600
44248750774
44249955417
44252192815
44252714180
44254272279
44257230367
44260579387
44260928497
44261268055
44261894806
44262423795
44263743151
44263945726
44265606296
44266417042
44268673577
44269482848
44272887796
44273515801
44276306251
44278265068
44279486570
44280633049
44281350579
44281910722
44285449007
44285690641
44287149148
44288226173
44292484618
44293481534
44295181675
44298319707
44299401225
44300647684
44302327225
44303232594
44306891299
44307481228
44311341828
44315283634
44317088924
44321511297
44322764097
44326794210
44328954139
44329064936
44330053525
44331212667
44332716535
44335130648
44336901848
44340518007
44341913211
44342285227
44343700977
44344939408
44347480864
44351654945
44353912432
44358191818
44358792892
44358949352
44360448840
44361684009
44362203327
44362890385
44363225234
44363797579
44364517097
44365660602
44367067442
44367315048
44368545541
44369362831
44373080790
44373122381
44373478138
44375494919
44377249801
44378315539
44379132748
44379226994
44381336779
44383003652
44383069979
44383131259
44384797294
44385133509
44387207638
44388204748
44389814677
44390959326
44391872989
44392441329
44395948159
44396972129
44399515966
44401355681
44401961734
44405082054
44410976640
44412840876
44429566874
44431424032
44432863277
44434349433
44437309286
44440717075
44447363601
44448460486
44452203318
44453689501
44460618381
44472321990
44476760132
44478003168
44478709472
44480640479
44482691939
44483629531
44485094821
44487099420
44488369014
44494527465
44495818729
44497045787
44498684358
44501205715
44501517365
44503775569
44508027459
44521009902
44522599737
44523770355
44524562503
44524580080
44526018030
44527929160
44528675526
44531738131
44531987119
44532712113
44533986728
44535341885
44535537835
44540191523
44540910010
44542164067
44543734760
44543802465
44544787042
44546386969
44551144230
44552934060
44554356614
44554533874
44556056755
44556409073
44558070513
44561895246
44566068852
44568028890
44568070319
44568352340
44568476377
44570174607
44570779407
44575052988
44579339255
44580140205
44582563903
44585197887
44585344746
44586899557
44590145044
44591048674
44591123605
44594514869
44596162296
44598010349
44598581496
44600709733
44601209929
44602070959
44602509634
44604771020
44605621136
44607923598
44608168834
44608414496
44608492299
44609903255
44609918364
44610272032
44610770144
44615924827
44616340962
44620314719
44621221644
44624583678
44628441919
44628670787
44628874918
44632903469
44633482954
44633682150
44633802456
44635306351
44635427796
44635480382
44637109891
44638734357
44639309830
44639760994
44640218617
44640761085
44641576393
44643208969
44648820170
44648977298
44649048799
44650880200
44653748323
44655008062
44657095469
44657923916
44658313099
44660760450
44661638970
44662248808
44663637532
44664198133
44664824312
44665232654
44672116266
44672788145
44673741909
44673946607
44674599721
44675573703
44676847714
44677048086
44678377804
44685979486
44686736923
44687710905
44689214977
44691332393
44692558706
44692622653
44695079183
44695450039
44698497211
44699803050
44703447665
44704219034
44706118770
44707430646
44710510487
44711047690
44711535099
44712776608
44712924066
44714074590
44715437831
44716881505
44720033431
44721928717
44722402788
44724760396
44726135247
44727401083
44730854804
44734533743
44735032886
44737312885
44738804074
44739963788
44742319209
44745620569
44748432382
44753772307
44756786533
44758715343
44760750090
44760769038
44761370938
44764951808
44768904830
44771300734
44779534541
44779569397
44781049980
44781072649
44781276424
44785356388
44788409937
44788417794
44789937862
44790436390
44792123447
44792429730
44793973034
44794115685
44797612882
44799030938
44809129429
44811071674
44811676474
44814334397
44816131642
44818612116
44820304945
44823560730
44823848404
44824853452
44825274317
44826049244
44826370198
44826884165
44827859821
44830324208
44831160047
44832579151
44834585067
44834589808
44835163526
44838297114
44844235607
44844635547
44845513058
44846327362
44846893557
44853387964
44856249694
44856579424
44858447932
44859653342
44862774649
44863809392
44865708356
44867308899
44868725342
44869210073
44869659234
44873526930
44873791794
44880649373
44882391796
44883910806
44886074316
44896099772
44899020401
44900214156
44901023508
44902486497
44906329316
44910994603
44913090262
44914299467
44914677219
44917097418
44917862717
44919192078
44922771922
44924959046
44925314550
44933855794
44940093842
44940358307
44940550876
44943320850
44944805088
44946053897
44947427523
44950767752
44953024763
44953125414
44953983544
44958526721
44959362560
44962667138
44964298570
44967504458
44969668730
44970153234
44971703487
44974033889
44977649357
44979625563
44979737872
44981231971
44985822538
44986713263
44989193251
44990230169
44991652178
44992086306
44992419248
44993752212
44996056677
45000042848
45000062288
45000195960
45000525182
45000528870
45000759795
45001009178
45001327519
45001335182
45002226619
45002399608
45002569271
45004587753
45006502264
45008392372
45008499303
45009327986
45009956007
45010316462
45010711305
45013802065
45018063194
45018259176
45019033736
45025875504
45028823710
45029698871
45031350779
45033539858
45034519845
45037269595
45041708309
45043963678
45054766951
45061477871
45062537259
45063060589
45063583434
45067718252
45068771943
45069984475
45070160904
45071386957
45072031874
45075648378
45076997310
45079018114
45083541834
45090934137
45092380667
45093341943
45093485194
45093520019
45094128340
45096353598
45096458909
45096631170
45096682405
45098570515
45098804475
45100182155
45102499775
45103660948
45104664792
45104733405
45105810688
45107759197
45110116611
45110201100
45112534871
45112556368
45113813262
45115991519
45117900371
45119260393
45119347835
45119919495
45120223369
45121476024
45123666339
45123983497
45125314614
45126369757
45127505739
45128459941
45128581187
45130037907
45130081598
45130129081
45132672292
45133073668
45134215768
45134664903
45135646687
45137216829
45138151569
45138746504
45138879419
45140628922
45140868789
45142289049
45143025895
45143028536
45145521565
45145643481
45145814521
45146631843
45147153035
45147224234
45147584171
45148864662
45149024135
45149268274
45149324332
45149783639
45150018113
45150741902
45151727169
45152142737
45152888358
45153485479
45154205014
45160536292
45161404164
45161634215
45162173707
45162235785
45164773424
45165704071
45167390598
45168769677
45170949819
45172028491
45175038705
45175406445
45175889400
45177155926
45179988156
45180964190
45181289987
45182346395
45184860981
45186699189
45192896921
45196235606
45198182290
45199804844
45201278859
45203036727
45205835218
45210140546
45211389550
45213791038
45217270587
45217745339
45218305460
45221323287
45224531881
45226231218
45230046096
45232040478
45234229557
45235426138
45237376721
45237572935
45238795317
45240090480
45241374599
45241448132
45242265341
45246295825
45248531107
45249352733
45251298504
45252388067
45254755320
45256013908
45258691121
45260920159
45264970840
45265017058
45265324400
45266959384
45267331045
45268773784
45270447471
45270593028
45272137892
45273522604
45274497557
45277014708
45277351517
45277645072
45278664905
45279863138
45280482237
45284247371
45288513765
45291902730
45293236670
45293348239
45294841421
45296396809
45298031708
45298488532
45299615587
45303786180
45306019085
45307806372
45308861700
45315981600
45316338895
45316552784
45317964058
45320638430
45321455720
45328137534
45329957782
45331861671
45335191581
45336442464
45339846991
45340880486
45342162916
45343752115
45348049645
45348372268
45349913321
45355742070
45358441378
45359348071
45359670014
45364770119
45373052925
45373495531
45374899784
45375161852
45376537162
45379121569
45380149335
45380157192
45381722820
45382236057
45385490173
45387679252
45387742664
45391307053
45392521740
45396907085
45397284351
45397631954
45397699724
45399482621
45400988188
45402866190
45404735896
45405743634
45407129209
45409620181
45410367864
45412733162
45413025674
45414098573
45414798840
45416389200
45419908725
45420531232
45421472365
45422932595
45424360064
45425683479
45425975350
45427853998
45428976718
45431472107
45431710684
45432652725
45432889655
45434241416
45437451856
45440745241
45441089749
45441364842
45442142804
45445172021
45446900523
45449518275
45451092780
45451868620
45454754876
45454866057
45455693116
45455709834
45456787145
45457153567
45461492430
45461578851
45462034168
45462519542
45464073996
45466377982
45467485706
45470483656
45472255774
45472424983
45474404640
45475818969
45478060861
45478789585
45478812520
45480440312
45481320878
45482106627
45483865445
45487891075
45492898608
45497923929
45498109830
45498380159
45501253628
45502205977
45503221572
45507178762
45509123966
45512212685
45516715670
45516897925
45516940607
45518329271
45520402725
45520861919
45525540091
45525939345
45526642576
45528263192
45529705877
45530218640
45530414854
45531523258
45533822951
45534389913
45534920857
45535809794
45539914740
45540773723
45540942770
45542978953
45549310281
45551412209
45551557285
45560238110
45563246250
45563353396
45563741770
45567351260
45574371481
45574712734
45575274258
45575366820
45575879058
45577187084
45577233292
45582438433
45585768267
45585856589
45586124630
45589457056
45591912210
45592822309
45595068531
45596584214
45601060888
45601575633
45602033634
45603261524
45603545521
45604064315
45606460306
45606874739
45607771782
45607970605
45608256588
45608731120
45609771429
45610981029
45611480108
45613102252
45614503109
45615521452
45618514526
45619201395
45619524931
45620367714
45620673020
45620743392
45621825228
45624891230
45627386337
45631351028
45634770864
45637739719
45637795782
45638271814
45639357905
45639506303
45640235108
45642799384
45643020649
45643880060
45644575428
45646754889
45653165629
45656581939
45657475337
45664120124
45665723940
45667220069
45669917029
45670674244
45671992125
45672258523
45674166348
45675899197
45676549520
45679151602
45679500712
45680305911
45680652440
45680884224
45681018775
45683739954
45687066338
45687079552
45687324534
45687586574
45688488347
45703178113
45709670204
45711902687
45712255928
45712569215
45719241234
45722530633
45722749856
45727260202
45729904452
45730105661
45731538281
45733747388
45736336845
45738627261
45740792623
45743882622
45744047192
45744579335
45747295508
45762428727
45762838436
45765168612
45773223004
45774608465
45775769767
45776069138
45783537031
45786390461
45786902705
45790913620
45791669538
45794120642
45796842631
45797965447
45798828470
45798954231
45800319134
45800356955
45803236522
45808320822
45813781674
45816693699
45819365906
45819403771
45820937911
45821498512
45822826976
45824728031
45824733797
45825869731
45827964391
45831393056
45831855140
45833973608
45840704622
45843211237
45845287332
45848143057
45848490650
45853705246
45854425304
45855607574
45861153185
45861386811
45863052149
45864608375
45865505774
45866153855
45871327412
45871979591
45873149825
45873790578
45874189827
45877388285
45878090949
45879460962
45880587855
45880628280
45880774771
45882206554
45885348549
45886514868
45891029123
45891839079
45892158176
45894458986
45897262208
45899719186
45902971390
45903866229
45903958968
45904657211
45905871881
45906267717
45909022808
45912031094
45912758247
45914790985
45916779433
45917931340
45923162848
45924897528
45926024578
45926210701
45927001039
45927018832
45927980518
45928934504
45929922768
45932375394
45932881849
45937633051
45938133279
45940814978
45942699271
45944599239
45944768367
45944815579
45949630733
45951569020
45952256164
45952294925
45953524106
45954289787
45955160176
45958018466
45966970478
45967964700
45968703074
45971536394
45978366061
45978592887
45978970170
45982850453
45984607456
45988480239
45988618792
45990443350
45993018598
45993783034
45996184522
45998189234
46000381822
46000786023
46001333124
46002220948
46002679441
46002711819
46002812259
46003380890
46003392667
46003407609
46004209072
46004746593
46004975915
46005116272
46006025092
46008173978
46008417724
46008485726
46010575747
46010733249
46011714078
46015796089
46017936045
46025001934
46025286168
46030658655
46034107592
46035009446
46035793915
46036067317
46036791641
46037116898
46037177514
46040675213
46040716960
46044123647
46048051186
46052160322
46053146491
46053980732
46054593885
46054686274
46055768029
46057426990
46059686944
46062795508
46064908523
46065345426
46067935261
46070556642
46071393809
46074817253
46081240904
46081354752
46082133588
46083844055
46084775242
46085507601
46086013872
46087651520
46089780388
46090648735
46091990560
46092949178
46093075015
46093659403
46095382791
46095934045
46095999287
46100452381
46100599563
46100673603
46101092637
46101213478
46101714118
46102824315
46103172069
46103232382
46104887309
46107385754
46108200933
46108238074
46110260752
46112420568
46115149561
46116122733
46116992333
46117793487
46118617619
46119723205
46125832662
46126244374
46127053726
46127619149
46128152054
46128948705
46131145722
46131328053
46132762007
46133061453
46133445404
46134226875
46135597287
46135598097
46137760733
46137781032
46138155192
46139749051
46140217722
46141203125
46141252173
46141418671
46141849229
46142079307
46144573259
46145939751
46146239073
46146654533
46148085560
46149763388
46151101325
46151731154
46152013671
46152021997
46153607805
46153793306
46154295830
46155230354
46156661273
46158407908
46158698072
46158813891
46159949149
46159975069
46160299409
46160629727
46162206835
46163470446
46163917253
46165277211
46166052839
46167138768
46167239063
46167334530
46169063183
46169518527
46173219395
46183376013
46184381061
46185332794
46188232125
46188990544
46190726471
46192396572
46193707109
46194767340
46195360238
46199756448
46205629682
46206858576
46209710867
46212663387
46214394854
46215584032
46218331249
46218700944
46218828012
46219667927
46221133098
46221946290
46223552185
46225473241
46225752075
46228398674
46231550903
46235821266
46236330227
46236864875
46237490331
46242720042
46243640812
46244607287
46247445295
46247976402
46253211955
46253512881
46257295522
46258817960
46259302772
46260929414
46263342604
46267482195
46269114739
46269415665
46270519268
46271488973
46272073270
46278297407
46287677655
46289578045
46292597665
46293802870
46296442336
46297114058
46298160071
46301518206
46302554725
46307410837
46312848135
46314327297
46314804997
46318597083
46319577151
46319837549
46320206931
46321627066
46324495735
46325913900
46326450627
46332665881
46332941157
46336612239
46336987221
46340170850
46343417454
46349658358
46350971589
46351080367
46352621597
46356561783
46361505758
46369261093
46370034173
46370715680
46371331674
46372497075
46373535209
46373694946
46373725813
46377345249
46381984616
46383912486
46387273867
46388172741
46390036275
46393076907
46396728701
46397213432
46398324633
46399854679
46405249614
46408426029
46410423629
46415641347
46415687846
46417706647
46419129574