11000761571
11005353218
11005898251
11019639609
11036231838
11050810640
11056475105
11064780067
11081630729
11088061023
11092150879
11094142006
11103755139
11167177362
11176150693
11189492560
11213238190
11214967027
11226221388
11248418710
11267572742
11277507106
11278363724
11299736811
11307521909
11317538056
11325724500
11332089079
11339370677
11340160573
11342479894
11346132066
11370292497
11374523786
11389597881
11390527928
11391123964
11393286556
11408704415
11408712272
11437186326
11465017203
11469675621
11501880998
11538514248
11545295692
11553267426
11557605603
11558346105
11622576453
11658636055
11697675080
11724267061
11724391347
11734671716
11743131513
11748395730
11758752584
11759339591
11765184896
11767448857
11774338836
11830808143
11834526491
11866165313
11867269288
11902907409
11930810856
11933733266
11952841906
11955310905
11995104402
12020000668
12038736601
12039723974
12059639293
12088954419
12100506671
12114218588
12123323928
12126972331
12132337862
12134711292
12144699774
12152039573
12220363629
12223562136
12231977280
12234347734
12274345626
12287735240
12319917371
12323890766
12359831914
12371415303
12375462554
12413277431
12417895581
12428866400
12440436763
12490341733
12495602014
12507027560
12514839821
12520394293
12536099243
12559512920
12574026267
12587841304
12616455941
12656098162
12657547975
12686446556
12712968861
12754113599
12756099897
12761020718
12800347514
12802949045
12817570771
12830294003
12836028635
12838505432
12845218134
12848180202
12884842977
12887524710
12916651721
12931341729
12960738028
12966768575
12997842023
13003273827
13009544496
13044771942
13047301275
13083701147
13086443910
13089435931
13103212281
13108567736
13110446709
13117622732
13128561663
13132997865
13146762007
13147264531
13150947827
13152139008
13153019348
13155210398
13167036744
13170934383
13193173112
13209334528
13209408012
13225092835
13231091490
13261347026
13266015218
13275225221
13298726172
13328829794
13404919407
13425892872
13427301090
13429523492
13432779189
13449670034
13470861405
13474619330
13477452288
13527554002
13553892971
13556130288
13559471814
13572518089
13594905070
13601362832
13613624655
13618680503
13622021272
13622186193
13630983079
13662623073
13673724247
13674191342
13683612597
13686422871
13698508050
13699557156
13705798832
13712015139
13712754847
13783820803
13787119317
13850129956
13867238118
13867314744
13869139280
13880630566
13886379606
13913632402
13952807814
13956030955
13982341019
13985263909
13986043135
14005599806
14017935458
14052560809
14060936576
14064961639
14075838929
14102519767
14108275039
14116138843
14120569575
14126318518
14129848595
14140481854
14147213214
14147945907
14157947058
14170727459
14174743175
14175431308
14180518545
14196880254
14197767620
14233657169
14245360697
14271599373
14307634388
14313281746
14315841195
14327919483
14347992298
14364772264
14367438217
14386571530
14402607817
14407118027
14431998084
14445767884
14463973461
14467190220
14478297463
14511006802
14558257817
14565480992
14592512610
14601529766
14607300790
14616255626
14617234560
14619574768
14630825776
14642231554
14655753548
14664465584
14694857373
14702857019
14703078057
14713101732
14729894701
14753880043
14790456160
14819805084
14823578906
14829960065
14840811278
14875807069
14904708706
14929262053
14952837696
14980689525
14984800281
14986022042
14991791515
15001982270
15002573186
15003968465
15031459336
15047662080
15054898981
15058261902
15058558194
15058558275
15061460133
15063462398
15064663413
15064746308
15064843314
15065602386
15065676717
15068201563
15068277271
15069081266
15069768038
15072238554
15074732523
15080023167
15084031139
15084233358
15085265228
15085694695
15086284575
15086644377
15088000604
15089840599
15091364965
15094341732
15095139209
15095355652
15096096154
15099496232
15100122598
15100277492
15101252171
15103149121
15107484408
15107697012
15107843012
15108825860
15108973005
15109195079
15110449003
15111520168
15112944910
15113081616
15114313739
15115681171
15116581518
15117072303
15117502477
15117678992
15117866961
15119792493
15120197671
15121370152
15121662362
15121837932
15122661254
15122874359
15123730567
15124068337
15124844215
15125270313
15125911601
15126124684
15126757186
15130364019
15131092209
15132455013
15133151229
15134203419
15134504377
15135382121
15135408866
15136372248
15137258917
15142048717
15142591202
15142650995
15143778974
15144005229
15144566575
15146145320
15146822442
15146972303
15151414553
15151708351
15154918840
15155666470
15156854335
15158242696
15159324419
15159891004
15162317731
15162593142
15163026097
15164929144
15165293115
15165640637
15168076480
15168279865
15169174467
15169183377
15171025431
15171624226
15172773832
15173718891
15177045275
15180347116
15180410528
15181059089
15181806487
15182610305
15183106575
15183445053
15185294051
15185864253
15186059759
15190821561
15192040875
15192371415
15199752524
15200664902
15201170013
15201776670
15202104623
15205192299
15205303194
15206376093
15207901372
15208664516
15211513464
15221402673
15224838709
15233861640
15243237799
15243473780
15244936813
15245258421
15245537093
15246407843
15249433965
15250673983
15251567381
15258462080
15259238529
15260052725
15262781761
15268052064
15270787121
15272576556
15275099026
15283049408
15284659256
15286324686
15287750071
15289816181
15292005260
15295791470
15296836483
15296870827
15298246439
15305627143
15307704096
15311553173
15311910270
15316132508
15318551627
15319522768
15326966771
15327568072
15327917182
15329987353
15330898905
15331645298
15332014086
15336959174
15337449424
15337512836
15337846998
15341912146
15345575376
15348142547
15348325974
15350030236
15350811422
15351622377
15356252299
15360345267
15360992349
15362991732
15364243614
15369628753
15372926079
15374516612
15377397657
15378922936
15379851326
15380879043
15382115891
15383014991
15388735438
15391076932
15392413001
15392855055
15393099383
15396929620
15397501912
15397727135
15398549959
15398624647
15411702545
15417282446
15417312454
15419549820
15423447955
15424188538
15429100627
15436920745
15441877135
15445756786
15446301992
15447235771
15447329196
15448501850
15449455425
15452565878
15454771860
15457216802
15457856626
15457928360
15459703739
15465230364
15465827307
15466587373
15467279810
15467605694
15468318511
15470441855
15474057382
15477271522
15478235486
15478731914
15479372737
15480937452
15482454134
15482947898
15489046940
15492041413
15492599114
15492752274
15500198490
15500622450
15502451057
15505901792
15506970274
15509512399
15513286837
15514913398
15515854435
15516990827
15519534459
15520556139
15522485084
15525985003
15531369245
15534307682
15534461096
15541274767
15546198649
15546287280
15549435539
15550326037
15551147663
15557237945
15557421367
15558868092
15561364852
15562792277
15564838640
15573276949
15573757906
15575357046
15575375930
15575703370
15584094499
15585238317
15585520877
15587483885
15589254033
15593521912
15595887597
15596482019
15598511636
15598799607
15598900965
15599170085
15601740738
15602254651
15602302867
15602757218
15602945138
15603264186
15603767704
15604601626
15605783033
15606956393
15607266742
15607432231
15607814577
15608480397
15608541989
15609017627
15609317973
15615231337
15615881800
15617623451
15619040503
15624309423
15627965568
15630438919
15634812461
15634845633
15635600224
15636198284
15637090230
15637705856
15641568217
15642320022
15642397862
15643109280
15643386953
15645301513
15645954551
15646506960
15647720713
15651901873
15652454536
15654226460
15654386073
15658373697
15658676599
15658892076
15661357020
15661508829
15664115944
15664546097
15668040038
15668109110
15673326983
15674140779
15677129750
15680850717
15680965230
15683139485
15686592311
15688475139
15692350773
15692592132
15692948396
15696253526
15696944721
15697577363
15698948849
15700886510
15704902010
15706593683
15707708006
15708321408
15718578292
15719534503
15719722342
15722168228
15727525865
15728968173
15729903923
15734017394
15736576735
15739517700
15741038604
15741541128
15742803718
15743780346
15744190389
15744760301
15746402192
15749066741
15749692121
15750251576
15750817016
15752445099
15753439434
15754781340
15759535985
15759632991
15760717900
15762477009
15762505429
15763384015
15769890275
15770050374
15770628525
15771716549
15778423328
15778775408
15779883661
15779941420
15781906571
15782114250
15783592872
15785450807
15785930662
15788576084
15789350757
15791237161
15791335284
15792016127
15793051561
15794010509
15795680097
15797809355
15799402712
15799547129
15799755602
15802304531
15805392094
15811519102
15812156410
15812358661
15814376015
15815273527
15817859922
15818467654
15818908505
15826382413
15829757639
15833091907
15837813824
15840457124
15841863084
15844836281
15847695089
15849208710
15853142728
15853398418
15854550325
15856706183
15861897192
15863955839
15864209413
15865086524
15865247584
15866186984
15866949254
15869452241
15869788315
15874546109
15876357668
15878776868
15879302154
15880017475
15884767715
15885091256
15887524200
15887629445
15889746715
15890129251
15890979588
15891127559
15895717009
15898126435
15903287074
15903543682
15906217573
15907248746
15908232092
15910650287
15911718170
15915137180
15915886900
15917072108
15921239978
15922801869
15922811250
15926308824
15928144090
15928552503
15930169241
15932784493
15935542095
15941286502
15941412964
15947866553
15950135854
15951641574
15951837524
15951851780
15953015372
15955827190
15957819801
15958063508
15961861517
15962688246
15963176908
15964246643
15965528641
15968098878
15968173728
15968693964
15968949131
15969822381
15970400613
15974642842
15974714900
15975588123
15977590362
15978278197
15978487836
15982369739
15982717651
15985141808
15986751737
15987177473
15992360253
15993442008
15993650513
15993842029
15996712842
15996913268
16000009012
16000744141
16001367031
16001421727
16001441103
16001669236
16001943826
16002278793
16002516485
16003229285
16004048195
16004644285
16004656964
16005214531
16007383360
16007386259
16007410004
16008382090
16010403704
16012612342
16013094772
16013953577
16015615249
16020107180
16020368702
16025333322
16028434077
16029066941
16049331732
16064798282
16079064413
16085021568
16088247782
16091021519
16091874109
16096549003
16098864058
16110588700
16118335216
16135864561
16171900964
16187343107
16204058121
16245727615
16282643478
16303127633
16306643799
16307924680
16313409573
16320106162
16339210725
16365514384
16389108075
16399530356
16404206269
16409106840
16453569284
16464466150
16465518728
16561227108
16581558966
16598123370
16611279001
16617007709
16630612842
16641300231
16658935248
16672530931
16672819285
16710750322
16713266969
16738252419
16758262297
16760724460
16764996416
16789535528
16861650249
16862129251
16864571892
16866447334
16895642936
16898316827
16922485137
16931595542
16945313254
16960113563
16974920202
17002559873
17023819760
17079609952
17089464704
17110574880
17126199802
17131391556
17156114760
17164181177
17166221503
17166592132
17176176958
17206464603
17216353812
17230290580
17277198436
17299668457
17309889064
17340153634
17341763563
17356101541
17360964511
17369787420
17397988374
17407435852
17409976179
17430322898
17465270592
17478082292
17479277053
17482647371
17493208383
17498902057
17501269675
17504563681
17538821843
17543685844
17562886856
17586498303
17607280235
17617586405
17662977066
17689237925
17710093669
17722713367
17724241788
17745976530
17768198183
17794015745
17850072308
17855361095
17860679323
17873691935
17890428873
17921927494
17923733956
17945474173
17950130749
17963785044
17974008211
17978544696
18002253860
18007768275
18022538166
18029126587
18049479765
18050541341
18058053740
18068574592
18079748828
18084268655
18103415165
18135064916
18137174540
18152542060
18154305656
18167326590
18174246328
18193854619
18203524728
18265209166
18287030048
18301851854
18323868469
18336498599
18348896692
18354625789
18359473985
18367177479
18389848732
18473017258
18542794325
18548245382
18563893216
18597551530
18600698492
18609471743
18632368439
18634634107
18639803905
18663974672
18688556450
18694254422
18706115818
18734199107
18740766344
18742894289
18768390589
18782151804
18810059716
18811414959
18822680753
18848660585
18851967491
18885396639
18891725742
18897142293
18910456586
18918418601
18945285971
18956810943
18992288905
18993667892
19001271540
19005958216
19009267859
19015590045
19026413800
19031467260
19071661528
19091162877
19091211451
19107367381
19114962346
19132260134
19132737747
19140015112
19148237805
19148648388
19166950387
19176396942
19208780639
19216215769
19227702407
19247632419
19249668084
19262680469
19294743693
19331526894
19359832313
19452290664
19455900958
19477206275
19477853438
19495615205
19546547907
19550105206
19557456226
19619961895
19631575977
19638418804
19653687752
19661130103
19706214972
19721563095
19745435842
19746760964
19749811554
19759087107
19780500942
19807199152
19878772194
19892732021
19909065675
19910698441
19924454978
19959277996
19973260104
19987937719
19994290463
20000186943
20009556683
20026465034
20033821006
20052875159
20060495995
20062266224
20085221057
20090594877
20095591697
20095624201
20117976409
20147210875
20150067135
20151472221
20154252529
20160514963
20161108407
20162033427
20167085494
20206974560
20210842100
20295096334
20302992160
20337668314
20338481025
20342353078
20350661907
20414604123
20415496537
20419059533
20420441021
20423127736
20429768548
20430335796
20433690595
20434680513
20435851012
20436120234
20437858472
20438800399
20438857300
20439529086
20440047551
20440148379
20441283492
20441462713
20442446134
20446253695
20447279134
20449203651
20450209163
20450649565
20451522800
20452628363
20452749712
20453957951
20457011554
20457782447
20459259838
20461849397
20463233277
20467449392
20469162288
20470136696
20473255369
20473599123
20476183255
20482275896
20486091337
20486785124
20487612901
20493013106
20493249096
20494382977
20498021552
20500363056
20500377468
20504408045
20505413093
20506554923
20507182306
20507529385
20508059967
20508581106
20509713081
20509745605
20511013249
20512756029
20512930859
20516187443
20516732622
20517027758
20520899887
20523245885
20523892967
20525079849
20526585569
20526988971
20527253744
20529107898
20531201263
20531218186
20531725095
20537844985
20538853533
20541315015
20545973514
20547306121
20547969203
20550721345
20559399339
20561082217
20561349123
20562918087
20563274973
20564569364
20567814629
20571098795
20572944700
20574107659
20574306158
20574803202
20575174278
20578452101
20587405662
20589475752
20591467763
20593092337
20595342852
20597405549
20598924613
20601494364
20602865462
20603798689
20604004306
20604561122
20604926507
20605113595
20605647358
20606106218
20606960865
20607238684
20607589873
20608768440
20609417147
20609844028
20611318195
20612339599
20613104780
20613760966
20614049607
20614653635
20616853412
20619401887
20620224680
20621510442
20622354537
20626780156
20627282680
20627483042
20631434394
20633411572
20634250165
20634517071
20639800307
20641550047
20645403552
20647302435
20648948015
20651992696
20655923594
20656418024
20663461735
20664002437
20665736177
20668257027
20669458089
20669799332
20669848245
20671319950
20671392558
20673022996
20675497304
20677449323
20677524269
20679283050
20680689922
20681174734
20683886954
20684589985
20689040493
20689351819
20689618725
20690531660
20691560970
20703048811
20705599760
20706678987
20707523375
20713960780
20715425848
20716392805
20717071704
20721323016
20727095254
20728098757
20734483458
20737850413
20739110152
20739138976
20740960898
20742907296
20745109189
20750250459
20752091212
20753614703
20755069830
20756118558
20760032716
20762668229
20763351745
20763380257
20764099094
20764644354
20774013327
20775961069
20776117842
20781904789
20783076471
20786554249
20792050693
20792983392
20796698144
20797744086
20799711350
20800642714
20802852388
20805771283
20807340598
20807354752
20809274209
20811917115
20812596181
20812813493
20813170304
20814960053
20816576451
20819722621
20820431905
20821969512
20822565774
20826595049
20828864211
20829584478
20830867027
20831386787
20832302568
20833233949
20833821600
20835194047
20837234388
20838813991
20841607870
20842008118
20842464170
20843076837
20846781556
20849047358
20852156694
20853523311
20854091072
20856629261
20859729287
20861875776
20870072971
20870423944
20873461261
20873583565
20874189445
20879536315
20879908715
20881354905
20887928638
20892597354
20892853962
20893504144
20895173192
20902420947
20903081065
20903715338
20906576604
20907692249
20911245104
20914741393
20916441470
20919038891
20920959676
20923417049
20926466073
20928288648
20939728937
20940481492
20941733185
20945107807
20947041051
20948527389
20949856977
20950428260
20952311305
20954652982
20955210856
20958151103
20962486929
20965469959
20972452527
20980033986
20980061462
20983050119
20988629539
20993262798
20997216922
21000201436
21000476933
21001809658
21002407589
21002767624
21003773644
21004108589
21004612955
21004738403
21005574210
21006974208
21007332174
21009512430
21010509145
21011059135
21020074435
21022765179
21023081620
21023484120
21024145538
21028991876
21031725966
21032314810
21035139193
21040862135
21041692720
21043895509
21043957668
21049502303
21050660688
21051722485
21052003226
21052308844
21052362191
21052672464
21053588504
21054605853
21055620751
21056021820
21056210857
21058778697
21059328277
21059585107
21060142473
21060416944
21061066370
21066875107
21068583186
21070566110
21073694902
21073967305
21075128111
21075781705
21077227431
21078294325
21078899125
21080044800
21080188245
21080516911
21081342981
21081637945
21082276873
21082612494
21084792113
21085693027
21087454340
21087763722
21089885204
21093669016
21094844196
21095421570
21098664248
21100229669
21100627650
21100751887
21103153057
21103361611
21103674120
21107051323
21109290541
21109372545
21109662973
21113366806
21113941307
21114700315
21114805528
21119875400
21121631436
21122807130
21122939299
21125081610
21125609805
21125889584
21127075581
21127416834
21131686425
21132666525
21133068517
21133229270
21134402026
21134873543
21135201609
21135413160
21137408201
21137790931
21137991050
21140717509
21143129220
21143961775
21144950591
21146317455
21146428873
21146864664
21147806133
21147840202
21148062195
21148693045
21150644108
21154605262
21156526706
21156543586
21157823996
21157908479
21158299882
21159321903
21162291465
21163663486
21164108975
21164943896
21165371906
21167030775
21167819942
21168052650
21169219854
21171389185
21172100268
21175352451
21176539338
21177337787
21177341131
21178121760
21182472432
21184806878
21188212448
21191277100
21192107678
21194706909
21197914277
21202254624
21206853048
21207516794
21208701873
21209308595
21210042731
21210829101
21215831623
21217551609
21218509931
21219909767
21224356775
21227399530
21228233452
21231703918
21231870190
21236030938
21237277032
21237791263
21239133104
21242566995
21242589319
21245055807
21247474926
21247597927
21249253044
21249600647
21250247248
21251405629
21251698752
21251707478
21252045416
21252197750
21252336848
21256987895
21257456637
21258576748
21261026598
21261802282
21266097668
21269023605
21269093308
21271844991
21274516247
21275481567
21276049976
21277282133
21278078988
21278202557
21280978918
21281328946
21281787752
21285919076
21287227458
21289309817
21289581470
21294698466
21297239668
21297414116
21299771027
21301091909
21305377268
21305936908
21306247662
21309587346
21313057807
21315314354
21318200401
21318985819
21319843372
21321166523
21328693108
21328709826
21329533116
21330556685
21331090675
21332145425
21332792507
21334613263
21334718476
21344641592
21349899540
21352525149
21353789818
21359860169
21360391961
21363414962
21366109152
21366241150
21367529654
21372974361
21377882469
21378986348
21380178317
21380532935
21385684875
21386957963
21388376554
21389227335
21389380922
21391374909
21393756239
21397246303
21397968790
21400947386
21403476449
21403554550
21404220267
21404551660
21405308961
21406630606
21409016380
21409918158
21460458227
21565044790
21578606610
21592359216
21593748134
21601530527
21619486067
21633787378
21668373434
21669363448
21683644850
21683790407
21690490586
21693518944
21722854174
21724113314
21725241250
21743377592
21746433820
21750979809
21752576357
21770875613
21783234906
21807752828
21812751975
21842265184
21882518642
21884256335
21958489325
21961530119
21978478019
21978837864
22005599810
22032464167
22034006300
22035976360
22054293964
22056422407
22056537065
22062509346
22075031590
22077417693
22085873424
22086299241
22098735781
22099371070
22101878262
22122779739
22123955859
22130937449
22166431579
22166500964
22166587364
22168068212
22182779426
22273384638
22290622529
22330513323
22335092938
22338827190
22341932578
22342600753
22344172876
22369328096
22370214495
22378979667
22379607380
22380630458
22403584788
22412437365
22547681651
22584205113
22605878115
22630814299
22650013703
22652164663
22677955738
22683766441
22685336502
22698565314
22705178515
22706248250
22723199681
22759053937
22771148571
22784374985
22784894304
22839521686
22842332769
22885451694
22916387284
22922500289
22932356634
22938776435
22966793892
22984342910
23023156537
23032968780
23033276607
23058467721
23113156528
23115983655
23116814640
23120363827
23132218177
23145445288
23149679498
23156658383
23162291474
23182709042
23198162297
23221936909
23236450538
23264412273
23281792399
23293143470
23308356986
23315019717
23342464099
23393694780
23414166757
23423500410
23424572806
23427027338
23463848383
23501787578
23504523796
23535738961
23541079868
23543049756
23552066563
23559426439
23560057008
23590559243
23595505201
23596472399
23617756532
23631087797
23655757531
23751690680
23760374080
23799556318
23825012992
23827562101
23906262807
23911663725
23949007215
23951826128
23959601199
23978025459
23983648409
23995701663
24000770598
24004864797
24010351397
24022952762
24030448702
24034405697
24038051940
24049561964
24050542615
24061760203
24097262459
24097986470
24111850705
24121300516
24125965862
24139030914
24159810401
24165090763
24166819681
24174637402
24182696815
24204254290
24207330346
24215634040
24249838941
24251862369
24315097741
24318383986
24363505398
24374203959
24381933039
24382413326
24382767960
24398518329
24405972737
24411808328
24433928203
24475086290
24495691934
24507189608
24534368073
24535733198
24542392743
24547581015
24552419765
24556361901
24564438281
24582122098
24585945536
24586593617
24590741735
24609980510
24611628535
24612299825
24638583375
24657356745
24663372653
24678193682
24686107279
24701592125
24704809407
24726325518
24757951240
24761430562
24766582907
24780875843
24781132273
24782082365
24783089157
24784785643
24801506953
24803275680
24832638240
24847586115
24849934721
24863643625
24868045214
24901104802
24922181768
24928623558
24950047405
24983305622
25000263025
25005507537
25016253046
25022396340
25023973502
25063105098
25068897781
25069816316
25075673944
25106140997
25110325463
25118162073
25145949350
25151052274
25155583010
25155897813
25161898589
25173391572
25201097459
25203824352
25214726590
25250019014
25273625314
25289625168
25339900740
25366348050
25393548799
25408534653
25451236320
25493281206
25495087031
25536393358
25561052458
25565644818
25575820492
25596184713
25607433410
25610036954
25638033104
25670521264
25733644283
25746341389
25812210249
25813299067
25822614041
25828180884
25835106087
25846648328
25874552521
25879282122
25898011967
25920745616
25933251660
25960023413
26000755153
26004815758
26015192717
26016556589
26024136127
26035856195
26045549708
26055196533
26080995044
26112765927
26132946813
26133666967
26133927723
26140671821
26143068562
26143151544
26143361976
26149188198
26156923715
26163431412
26184407215
26185625449
26193427855
26196034117
26198473934
26243623258
26251317740
26253635355
26272663643
26279095022
26296389100
26303609720
26314427351
26343420702
26344721362
26375465565
26383582737
26415958680
26417382892
26422173826
26425404042
26466163085
26479907473
26483552824
26513937759
26543647069
26581383620
26602711503
26639889838
26642473436
26650199135
26665702433
26668531531
26669629205
26670266124
26688799156
26690820646
26712344835
26734081812
26750249395
26764089789
26787532643
26803827137
26806335496
26809502014
26846551905
26846612207
26847641517
26855451780
26861969196
26864504248
26865216076
26873693121
26902386204
26914863741
26968159851
26981125505
26988941401
26993547730
27002531482
27003164092
27008394732
27024002109
27031819386
27076835849
27083033467
27086378071
27091471086
27101997473
27105635496
27124009380
27125926169
27126394074
27138226522
27138370086
27160421099
27161377051
27162291492
27180380623
27181471158
27182395136
27183347566
27194833151
27232257062
27238864167
27264951611
27284352509
27325394949
27349479074
27361833270
27362418851
27398998327
27403443579
27437805805
27484576960
27508205443
27510459769
27553818217
27563603217
27597172986
27597316940
27622855845
27628612726
27632895531
27634479810
27643535955
27649587886
27653110474
27656108905
27665382606
27706191324
27707377207
27708067570
27722649627
27734470622
27747657233
27748681203
27763739685
27797750187
27799760456
27813158223
27825889862
27848162152
27870725512
27895269408
27909216085
27929251414
27935840148
27970475872
27973570251
28005080562
28007071169
28085956427
28107581369
28118043254
28123604908
28134805211
28145499160
28146432113
28148318241
28150619828
28152740344
28152773192
28169197648
28178401268
28185034812
28196911653
28224020597
28232695212
28261465779
28266254883
28279041754
28281247260
28291518783
28291731781
28293043290
28294789920
28302359029
28303213536
28351815464
28366345061
28431346518
28441859157
28521795320
28548483885
28589286011
28600955539
28606702538
28627978754
28649579429
28684658391
28714469933
28715221900
28734230639
28737424766
28737645713
28757355281
28759706948
28766869401
28770658979
28784862276
28815796101
28827399831
28851921668
28868100463
28897805447
28903750253
28916002464
28927348474
28932022676
28947183123
28956753235
28961966314
28967192498
28973386617
28975447289
28977577935
28980330580
29001967380
29002248428
29003036995
29013274613
29034142724
29046512358
29066358627
29067995448
29094941562
29097010653
29114602616
29129103733
29132819700
29136095566
29150464194
29163986124
29171289898
29195420868
29215566367
29220523756
29232621571
29244031992
29245370221
29271092839
29287068216
29309853840
29361083483
29380356634
29382170921
29385024826
29399676231
29405919488
29436805048
29438195488
29468149802
29469078143
29507716110
29557563402
29576568151
29588668136
29594698505
29596973066
29599894790
29606183937
29613508076
29629370102
29650502170
29676208896
29679061134
29726939936
29803413241
29834978109
29863729400
29871638790
29875463286
29886847502
29924074491
29925611272
30074289914
30099056890
30109535066
30147761580
30190682670
30228127134
30229456803
30232874506
30244850518
30264425464
30269908630
30276040800
30298864715
30312199285
30326553517
30341902358
30355300423
30389711987
30393471996
30398399103
30413968436
30415905508
30419002824
30448774919
30450556093
30454007087
30471076179
30473220752
30482504998
30504710495
30508426057
30543203170
30572539717
30576064611
30579898594
30591405190
30601520405
30603052179
30606394353
30614011253
30624266792
30627281288
30633132188
30641787120
30651590021
30673858864
30695515160
30699727327
30708531627
30783057146
30790303476
30791174237
30826788646
30869952003
30895159337
30904091984
30913448953
30935022742
31003230082
31019036762
31034959440
31054025268
31054296267
31087079581
31099461079
31108081925
31119868737
31136877927
31141968540
31155440903
31182183134
31187784991
31195859881
31223376963
31286109093
31306227171
31309274029
31329660860
31350969724
31355287898
31358910527
31403662730
31414658442
31425316541
31441879507
31443635706
31447568698
31458216964
31521774656
31537758165
31553421972
31556289458
31560789705
31575460139
31577805019
31602742569
31603141662
31607086448
31660959246
31678766114
31680132864
31680463468
31682157114
31684910298
31688048799
31688610762
31689342386
31691359518
31691466082
31693536005
31702585254
31706254699
31706768634
31707029530
31707860066
31709356168
31712893244
31716089310
31716513285
31716876089
31717398345
31724690101
31726724043
31729723467
31739708915
31741771170
31792034424
31819478525
31821435744
31831052200
31868153887
31882498755
31886650913
31904022928
31912489923
31914770770
31977593738
31995469579
32002521342
32003889156
32033799114
32052414917
32093426599
32105234326
32106824766
32127678675
32162291509
32168392014
32177592668
32191182681
32235253604
32257536240
32272327865
32276655361
32301509762
32319840856
32319985079
32320436546
32351094279
32361820700
32428583691
32438566310
32456483380
32458411817
32458625506
32471530340
32491068489
32494229574
32521727869
32530907422
32556201535
32577457085
32588688388
32597856390
32613658523
32614331093
32614343902
32618793815
32621229198
32674521934
32678452065
32688972188
32713899754
32725263919
32736885945
32779971007
32813958973
32817518669
32827017739
32863945947
32880478247
32890445800
32895872206
32896186810
32966119402
33001709229
33002306318
33006965352
33025491030
33026419467
33058187446
33073703763
33078191287
33080488884
33087349612
33101094479
33119308048
33123504728
33123990539
33132959810
33143880219
33144857171
33198173439
33208961494
33215321242
33238696972
33263023675
33273163040
33295568110
33295846215
33304508699
33326427327
33384663109
33414567957
33433820141
33436789131
33440155398
33464618597
33470479725
33513461803
33538006920
33549512171
33563391747
33602803944
33621679590
33626806502
33647032547
33652761364
33661589467
33684838034
33689685597
33693482921
33697946723
33706584050
33710243354
33720886365
33727997550
33730089704
33731055230
33761448249
33783532586
33830335871
33835728338
33837028232
33837476879
33859983448
33886902896
33895278183
33905142822
33939566440
33959364686
34000025794
34003485904
34077015609
34092440439
34093854267
34097832561
34104474549
34116339845
34142617865
34153844525
34200814141
34233470835
34242765321
34288750981
34311919303
34374226134
34413552627
34426924340
34453383783
34464840067
34481774230
34486565423
34513238355
34522982434
34554674488
34595504062
34630800459
34635732279
34660430788
34662436408
34669162751
34671997696
34681303128
34685836531
34686151211
34721419706
34770817173
34775144323
34787904113
34809649507
34810089272
34810935814
34839752650
34843704910
34856503379
34907903210
34920261714
34930265969
34932272356
34954775517
34974477228
34989930754
35006667027
35007279144
35009569106
35018506716
35027969109
35052312865
35129118129
35133614650
35140866655
35150505083
35183785369
35185294998
35204399847
35233410397
35256790475
35258186915
35273664881
35314184143
35355110414
35356378161
35373008929
35418047052
35434905544
35483848034
35497336429
35538591722
35547026748
35562084535
35563430804
35593778971
35606090221
35636242320
35641992984
35680711962
35685643782
35697007440
35727120016
35738262106
35795561123
35815072613
35818227331
35823384633
35854830577
35861017320
35886834266
35895113627
35911587298
35916254292
35916325766
35919836102
35923852913
35948828232
35974604851
35983681835
36003205874
36012838448
36038949010
36054594375
36056759516
36075993463
36076354151
36090319544
36092536557
36122492215
36125821763
36136698286
36147212940
36147585707
36150242318
36167904476
36202904867
36229476464
36250392603
36279979057
36280293909
36292564335
36294478214
36297401817
36299456193
36313402012
36332584804
36335648785
36338654064
36343563706
36344344017
36350206511
36356298936
36381407360
36394849358
36424457272
36428809861
36442019924
36443384056
36455306301
36496446654
36526474321
36526689046
36528672574
36536712640
36561884518
36575341216
36603545874
36613524027
36616149890
36650493647
36652062493
36692989919
36715994869
36747155656
36768319266
36816174287
36821948351
36847501551
36863738044
36912902867
36934341235
36939424395
36959178006
36964730577
36995130849
36995412870
37074916443
37086210219
37097329866
37109109793
37118436954
37132937510
37133172339
37147042466
37153926921
37161385584
37165646131
37166302079
37179648331
37183326459
37226343329
37236738243
37255657910
37280116394
37342764764
37345457366
37363624937
37364002716
37364538871
37367927387
37368556757
37368905867
37369221082
37369597537
37370048923
37373414970
37380137441
37385069261
37386643863
37398704439
37398856935
37399268502
37399749668
37403793069
37407781196
37410817152
37411283695
37416060557
37417474709
37425932503
37426715918
37462675442
37462970719
37479732994
37482218738
37508413285
37511738448
37514343911
37526231746
37527669787
37547194195
37549722751
37550926065
37551507116
37570454549
37573350235
37581753056
37588520293
37598642307
37599344334
37611488631
37616257182
37625301987
37626472832
37628906844
37629230385
37655659891
37699280994
37744056034
37766539382
37768257748
37785987423
37797586736
37829949352
37854108784
37879796644
37901809074
37915394934
37960647091
37964647206
37966810716
37979334817
37985368539
38015805374
38020013745
38024987507
38042014328
38049813020
38082701746
38095834136
38096200332
38112086030
38131853987
38142848663
38151760483
38152077873
38154322308
38156540952
38161252295
38167259725
38176003913
38179104393
38182040233
38182754863
38234943395
38254682912
38254713956
38294194339
38297524471
38297629571
38311456297
38332487596
38359538201
38365747563
38387336623
38408476834
38420712435
38437961510
38450447913
38452575696
38478411036
38500469290
38523266751
38644230742
38743900669
38758917535
38766046291
38776801450
38827621762
38834491647
38835163062
38847256998
38853161505
38865193849
38876721991
38920235731
38928101490
38963501741
38969211280
38974114749
38981887768
38994618026
39002690744
39004483549
39006152074
39010418943
39010978739
39019227634
39022841519
39023711913
39024058495
39035278059
39039082996
39070694429
39071248377
39077284438
39085686110
39094873211
39100927544
39103643474
39128182900
39150242855
39150642989
39156142339
39172175846
39176061384
39179714150
39185729323
39195117007
39197368580
39204924071
39205276421
39220170517
39227108658
39281107163
39287844527
39316873447
39335646817
39336416210
39350408414
39360985685
39375115158
39403127609
39417383723
39427307378
39447587818
39453473548
39465546302
39496142270
39518989572
39536497760
39576370950
39577369917
39577562168
39590141981
39604292346
39606095903
39606237043
39607830437
39613986269
39640593074
39649869626
39690196059
39699470673
39704178641
39717151844
39733011347
39776789590
39786215706
39786967839
39803416428
39811718502
39837665766
39837706272
39863450054
39891067565
39891863045
39893395932
39895760290
39906010979
39916215144
39929678230
39985679437
39992360026
40010786736
40022437409
40033997227
40048335318
40066561544
40077109029
40087692586
40102792174
40102855403
40103952418
40119149357
40121482681
40125905599
40145727493
40146672407
40150153349
40164421700
40164514121
40170642483
40172380176
40188024397
40225963145
40245250660
40284552805
40334602651
40359914389
40378009552
40381347033
40386568746
40394652552
40415637556
40417868836
40451595460
40503187303
40521796879
40531380276
40540320559
40560082880
40570741924
40613246053
40644972068
40659258486
40751597179
40760745967
40786779238
40790654872
40794459809
40796963255
40798089948
40809321899
40816697489
40817415323
40845279571
40860773046
40869782093
40899043494
40919102949
40929307065
40938125422
40950344342
40951215853
40992336092
40996803976
41001769329
41001895975
41004327315
41005155135
41059544556
41073130120
41082189035
41089933898
41091656989
41125734025
41156017446
41158910432
41163594500
41172729582
41187062630
41195042253
41238492203
41241860884
41266467847
41275198594
41286047141
41289405395
41291033268
41300940448
41302734884
41384845843
41386778433
41412446517
41413803073
41417513726
41421421161
41423987543
41424043822
41424967594
41425056900
41425510052
41426925980
41428613928
41433246955
41433434875
41434710674
41440017173
41443621420
41445705350
41445734088
41446709631
41446917379
41453243442
41461770404
41463237864
41466389709
41469801932
41484256371
41495977460
41508152596
41598318681
41601774001
41613549596
41678975894
41679452849
41691733832
41698753071
41759492238
41783933713
41819357383
41833097483
41858828624
41929201926
41964235814
41993656639
42006632018
42014653847
42014913744
42020700848
42021720039
42041642934
42062542036
42073253924
42073446218
42091244898
42118336742
42144810944
42147362007
42149714015
42152295263
42178233094
42235817678
42247755211
42248808324
42262525102
42276682735
42286848732
42291793884
42301103862
42316092653
42324791254
42325567266
42331199153
42354735750
42361686522
42362540078
42364926004
42366587308
42378943464
42383255882
42397716834
42402796603
42436910239
42452278158
42458303970
42461901736
42463280405
42464871542
42465603852
42483016622
42485265673
42496856601
42497982128
42500386931
42524077886
42563159587
42575255831
42576584242
42594199150
42631047626
42649932091
42651974301
42670014345
42682601588
42692033989
42695127083
42761095092
42762913553
42764672754
42771949178
42772570341
42789451605
42817357541
42854376965
42912762197
42935229696
42940098045
42959943396
42962621596
42982916703
42984057609
42984468128
43010105469
43011495543
43063019189
43064365917
43073385122
43077988044
43101480263
43101693449
43126804157
43133781896
43138435444
43141458240
43142374544
43148448658
43159631486
43171783899
43212332197
43232566953
43233070476
43260612561
43285314861
43313162628
43351351498
43352851851
43359386580
43390658595
43393663307
43404811434
43484030223
43485832926
43486829610
43502099059
43529321740
43538205901
43559052914
43561445643
43627158108
43650779128
43683227534
43706092883
43723389747
43743957408
43757629652
43760914585
43767338058
43775823791
43810923942
43859765187
43881174006
43892544840
43893715759
43899189162
43940618949
43961180654
43971494681
43979155834
44001333115
44001765304
44006441498
44013664846
44014623276
44049110657
44053638163
44071259713
44078177572
44089324792
44094604798
44129418069
44141489030
44149146958
44159870862
44213703840
44236530510
44236753092
44243898258
44247672600
44248750774
44252192815
44261268055
44266417042
44278265068
44295181675
44302327225
44303232594
44353912432
44358949352
44378315539
44383003652
44390959326
44399515966
44440717075
44453689501
44483629531
44494527465
44524580080
44579339255
44582563903
44596162296
44600709733
44621221644
44633802456
44639760994
44650880200
44653748323
44655008062
44661638970
44675573703
44687710905
44691332393
44707430646
44710510487
44716881505
44724760396
44760769038
44781049980
44826884165
44844235607
44845513058
44869210073
44873526930
44899020401
44917862717
44940093842
44962667138
44967504458
44985822538
44986713263
44992086306
45019033736
45043963678
45068771943
45098804475
45104664792
45119919495
45121476024
45134215768
45145521565
45147584171
45149268274
45150741902
45154205014
45205835218
45211389550
45230046096
45237572935
45240090480
45246295825
45264970840
45270447471
45270593028
45273522604
45291902730
45294841421
45298488532
45307806372
45320638430
45373052925
45380149335
45422932595
45432889655
45434241416
45446900523
45455693116
45457153567
45462034168
45467485706
45481320878
45498380159
45507178762
45509123966
45512212685
45526642576
45551557285
45596584214
45601575633
45608731120
45640235108
45642799384
45643880060
45644575428
45656581939
45657475337
45670674244
45679151602
45680305911
45687066338
45722530633
45744579335
45776069138
45786390461
45790913620
45800319134
45863052149
45878090949
45899719186
45938133279
45944815579
45978970170
45990443350
45996184522
46002679441
46004746593
46005116272
46017936045
46025001934
46030658655
46040716960
46067935261
46085507601
46100452381
46112420568
46118617619
46127053726
46128152054
46128948705
46131145722
46141203125
46144573259
46169063183
46199756448
46218331249
46218700944
46225473241
46258817960
46272073270
46292597665
46525713554
46532571905
46541589386
46557991066
46584370860
46590853501
46601760749
46604927871
46606480274
46612101140
46613084274
46615612911
46617308241
46625541243
46628619540
46635034059
46635537091
46636261960
46637082797
46637502059
46640023535
46640030938
46640137513
46640715540
46642232173
46642832810
46645808631
46648764477
46648875912
46649307944
46657160171
46657615434
46665996072
46667376576
46669009655
46672033736
46676121461
46677306728
46678342119
46691251483
46694591086
46700979340
46752798140
46753672411
46763057335
46782764301
46786783931
46801558050
46802033093
46828862243
46831427318
46835970592
46856214026
46862704793
46869317158
46873763167
46876068071
46881228877
46891896885
46901632821
46921664051
46944747210
46957532412
46983683369
46995505967
47001365771
47015227107
47039484997
47053821668
47055668959
47059150027
47071622844
47104732749
47107235455
47123793966
47125716313
47140180169
47144786747
47150676781
47167228980
47167512469
47188675647
47190983974
47191243207
47195810171
47197045372
47197282470
47294431947
47332046225
47371940540
47377341409
47434056048
47447076334
47479598833
47484624818
47502486560
47534496680
47534920640
47535841156
47567663518
47574429194
47593932353
47597323710
47599341128
47606592064
47613685234
47631005011
47651217658
47652034867
47683396011
47693073232
47703627137
47707865851
47720569707
47722751815
47750736921
47764365943
47828693756
47838078616
47852611032
47864091075
47886171006
47905156250
47912519295
47933268040
47945020530
47954015207
47976288533
48004692688
48013477673
48025141841
48049926766
48060071665
48061147680
48068035332
48074684049
48111280178
48114178510
48126310549
48128613531
48149925090
48150907760
48158859659
48160514803
48161852075
48167207034
48180020645
48183819572
48201988142
48206786706
48229422469
48233581382
48249775566
48250710620
48290327228
48291674717
48314238336
48325002383
48325517273
48329108101
48336103557
48362439271
48365855662
48376356248
48385684219
48397188741
48411347729
48435509678
48492426462
48504790485
48507616705
48539626825
48565130868
48571414703
48576719878
48604425464
48638177662
48651209941
48652460112
48652794080
48653302128
48659361317
48665357180
48671728721
48692907785
48707101955
48780824705
48782696750
48783082693
48799526973
48802946393
48819087517
48840815675
48842520164
48843359879
48851556740
48874356825
48874629228
48897924332
48929833158
48942442649
48947927354
48955135959
48960670495
48973164114
48983302786
48990358577
49005784627
49016001546
49025297171
49039224829
49046052131
49047538388
49054221936
49058653673
49097292790
49111615528
49118975264
49132697431
49138909639
49141140919
49144489038
49148526127
49169517239
49174430046
49180732942
49205638195
49206840414
49207476906
49208430994
49233401874
49249773201
49259364993
49275224496
49309250172
49324771241
49355171513
49374205816
49394985600
49405669823
49416078587
49461400847
49466005190
49471635624
49487075158
49491190563
49494523788
49496562262
49515764181
49526122407
49549757953
49569808774
49611049837
49693246014
49695109127
49695990715
49717506377
49728663712
49745818847
49749876564
49764069125
49784779739
49789107208
49800796134
49802353672
49810035782
49829512314
49861954347
49866373993
49866411054
49926759768
49932807191
49987109370
49994018060
50002250062
50005717882
50027972460
50041458678
50055210378
50074173747
50076707276
50078023532
50082663741
50092201874
50117603442
50127072342
50149270900
50157176500
50157968717
50158709905
50165586611
50166674522
50179419305
50201312983
50220573752
50225776387
50234751080
50254219543
50267487958
50271282468
50295500330
50304214601
50312849319
50358914781
50371776468
50380190338
50426542874
50451308630
50471829256
50473952812
50501977607
50508169166
50526614292
50532992388
50560329796
50562066372
50566935978
50569203293
50574329199
50582241091
50594821174
50607836437
50645632689
50651107717
50680479273
50681685892
50693290606
50705701037
50707052068
50709582622
50717614927
50753516395
50762281567
50799713207
50801135307
50808486327
50831910258
50842872285
50843408543
50847621445
50849549736
50854660458
50858536319
50869367100
50914912297
50969395565
50970307193
51008991194
51023215976
51042591490
51043302729
51056151862
51068405747
51115268934
51158732665
51169133297
51199883597
51216683343
51233510779
51243573723
51249355320
51271365908
51281737532
51289331973
51321622353
51329193876
51329763965
51347925721
51356220024
51359041248
51367614137
51395802602
51397430766
51400594480
51439691992
51452979880
51477169963
51493921368
51506392042
51525614201
51525884599
51531107177
51543276925
51544077902
51565397836
51576219393
51578447228
51596287845
51596790369
51599739040
51609868343
51622739707
51635341239
51674313202
51681031557
51714226702
51717783801
51740754277
51747308727
51751529027
51754285063
51756659939
51758576060
51759252610
51796080345
51796515876
51832806209
51882822629
51912320129
51913576455
51918711224
51923097794
51928864061
51974422775
51975204058
52008552341
52050721092
52050880025
52064728794
52068753550
52070149601
52079795993
52080617841
52089723267
52098530851
52098639515
52100775236
52106069876
52114400301
52139621206
52160063203
52167636811
52185919882
52192406427
52193528126
52240667442
52244650649
52263493091
52270258362
52273244297
52285386219
52285774738
52331501436
52332794261
52348092245
52352240363
52354087573
52380995778
52404737299
52404964483
52468269407
52472114380
52485005799
52487403508
52498013342
52513669075
52514835475
52527229479
52527945833
52542034217
52543233659
52545384604
52546508722
52553424702
52578407343
52586823691
52599089532
52607470170
52609689893
52614126965
52616274529
52641454481
52685141243
52702492922
52705706322
52707904543
52718365126
52771895051
52784576940
52815449166
52853557085
52856191254
52859767695
52893852889
52902502453
52986463220
52993435041
53026955464
53037926428
53056656026
53069134481
53085018408
53109450811
53139726979
53155794043
53165898058
53168673653
53169150608
53172991072
53183094434
53225265340
53236178707
53247615259
53258341328
53273163987
53276720482
53287181065
53300650074
53314816990
53330682449
53374498217
53378697392
53384131736
53418442639
53431959395
53451352216
53471642996
53480248971
53485962021
53497717048
53505051317
53521184535
53573187798
53597255356
53600776636
53606584185
53625159721
53678352556
53690226260
53691870565
53694545040
53727271011
53733762944
53753546514
53796054579
53797329093
53817312911
53829272069
53834926771
53843234838
53859612024
53876725649
53891835794
53895837529
53913199571
53933284736
53953223103
53955642303
53966597347
53996816309
54001406448
54003548579
54007532176
54009419406
54013088678
54033482562
54045874450
54059183867
54067505408
54076372877
54084540518
54096331008
54096904574
54097211348
54104562076
54106454814
54113950392
54129092656
54137821233
54143619876
54161274124
54178184979
54202958824
54212389012
54213576984
54217088400
54220124652
54243054915
54252448172
54260516409
54276153562
54288923298
54294387029
54334335900
54372634250
54381179215
54385512116
54391951092
54396986522
54413288220
54422123435
54432136568
54470272125
54496618892
54499277069
54504180479
54505693257
54508331320
54516208440
54532896097
54572112679
54582140895
54592963937
54629130600
54631038770
54668475377
54696419567
54704988659
54706370450
54711812488
54738582870
54742350682
54754079860
54769658045
54783590763
54785076017
54786701007
54787605091
54813187077
54816642386
54824825217
54826292980
54836784516
54837569389
54839373843
54901471942
54908234675
54966877374
54967016467
55005939364
55021950947
55029172805
55035042367
55050417058
55057289660
55064797226
55066501817
55077131091
55099158620
55100458502
55106911329
55124061416
55141983799
55145246340
55149438969
55161726227
55162934466
55169427275
55182524964
55202141193
55205142529
55205436020
55210770582
55253806471
55256101098
55275911463
55301634811
55302580275
55304570942
55318386923
55319431974
55326067980
55337524200
55360406785
55378255767
55387943233
55399495285
55410170070
55425900934
55455670146
55457023500
55460375150
55460636083
55462648053
55463037571
55496571668
55515577260
55531763123
55537215201
55569368037
55582782771
55595032185
55603497883
55629960929
55651174133
55654368341
55662415680
55670208436
55672392849
55693848411
55764185419
55770752656
55783485025
55784245890
55784352006
55793408740
55794796243
55799654088
55801766460
55866404115
55879912631
55908126458
55908765052
55923016564
55940284155
55948665079
55955249526
55979914048
55998669701
56005211076
56012987783
56079595493
56100021501
56116385871
56116870688
56119143473
56121413412
56124784194
56160383359
56162578805
56164074913
56167361855
56187430739
56191452184
56238161563
56238423161
56277340545
56298911579
56299628683
56325317147
56335129903
56371773871
56385644117
56407645812
56411321851
56429799846
56485438752
56500553681
56510707355
56512471870
56530253401
56534685283
56584560963
56608979784
56637210218
56663995276
56698478861
56702607657
56723153130
56726259193
56775229423
56820564615
56871279174
56871428911
56872846422
56919369759
56951055950
56991678519
57055764315
57094450757
57126319953
57132053420
57159090070
57180225086
57188271448
57195873179
57205097880
57250564589
57293512469
57306788542
57315979013
57354590903
57367140659
57432755082
57439896026
57462140688
57473479231
57475736085
57479058057
57485520162
57489589904
57511604122
57525943276
57537956877
57559571582
57570206207
57573976168
57586568763
57597566376
57605192710
57607101950
57673747611
57676500984
57696702363
57718321004
57755932754
57766882070
57792302203
57811963267
57837470065
57840945451
57857102073
57875484909
57878176507
57892664540
57908583879
57911664191
57948503936
57987300361
57988554359
58029571312
58057754171
58058599206
58079377245
58107303831
58121228206
58135018030
58136431668
58138459395
58139449313
58143863154
58166889283
58168092565
58236388719
58239487709
58244901550
58276217958
58321433244
58357924306
58408038854
58427420664
58463185091
58497428991
58506998676
58535299272
58539604859
58541907452
58544923854
58565477421
58582016870
58594614903
58687155216
58725833628
58748312586
58759932058
58763045098
58782603030
58826505693
58830951783
58872213108
58874828209
58908547607
58950389502
58955226903
58960770818
58972680826
58983827927
59011005888
59019380846
59080029391
59087558741
59124428245
59142161046
59159498469
59167892435
59178067450
59194884178
59210087499
59227002179
59251508864
59285068757
59293917711
59294309821
59303075900
59317788108
59320402923
59323792514
59348145277
59350723351
59405332163
59407428902
59419533990
59435517402
59472343549
59476858149
59485533822
59497402897
59507324198
59510290537
59511977832
59541267551
59545115910
59557152715
59559766812
59572657648
59601767293
59615238484
59615953239
59619016503
59631891447
59675697301
59716062392
59727091525
59736776150
59749519232
59756530856
59803431168
59805813869
59822817195
59824043848
59830329173
59838140112
59871079468
59874061630
59892366279
59906930797
59918371303
59937457020
59940234509
59942218291
59962540635
59974690414
59987174166
60001732592
60012772417
60016539220
60025711276
60032647641
60033471319
60041279762
60059117755
60065245972
60074008978
60077311894
60077562406
60079452217
60087789179
60096439968
60096843559
60126687723
60137841056
60146855427
60163422384
60186981553
60202322904
60224036568
60239266577
60263128940
60294278548
60295641665
60296189754
60314649297
60319469985
60370896335
60383678858
60389880084
60416719595
60420169493
60433978357
60458433926
60486249887
60494318465
60526916866
60558398915
60558499161
60575997391
60597896756
60599097781
60626612838
60629470092
60631757067
60643083913
60681859989
60693210407
60696276467
60732275718
60752519929
60776651876
60799506798
60804089508
60809451525
60812941043
60818917309
60823721365
60831045536
60857246202
60857492274
60881196152
60883183325
60950612158
60960448820
60964279191
60972553087
60974818873
60976445116
61000544758
61003668513
61028372390
61048087897
61068363235
61082034393
61095033559
61097642154
61112026727
61128721459
61129088562
61147546405
61150274463
61152109923
61154765157
61161682962
61168589076
61210364383
61265494161
61265910328
61268162015
61296598409
61305164526
61335645172
61337790112
61403770486
61428568863
61441776842
61474899783
61495540878
61501380708
61503876129
61528456044
61542303976
61558478537
61571914083
61586879670
61587325122
61597563996
61613947639
61616825537
61638980242
61646399663
61648216245
61663950231
61664834167
61668317329
61676986775
61677401901
61680802496
61728771771
61778990529
61789010424
61790220024
61813394361
61831960079
61849424592
61952081184
61959261078
62010531183
62028327191
62037788077
62050530079
62076051338
62086418582
62086490299
62086871739
62089126736
62089182027
62090829842
62091364804
62091567801
62092355434
62092442784
62093624137
62094339815
62095435696
62096085365
62122598841
62127638094
62143330769
62143859845
62144374028
62157840818
62158879292
62160460984
62161262933
62166990378
62169085189
62190088252
62219272584
62229825211
62232748392
62258574729
62269006147
62311576366
62314475885
62319645301
62324139385
62347552344
62365679631
62366859509
62380601019
62384274018
62392523657
62417270702
62421493831
62437754667
62450105358
62471750616
62515538794
62517440243
62518050772
62527977306
62547853847
62552489628
62570170708
62592900545
62601431001
62602726633
62602735688
62637376219
62686886157
62695093072
62700344889
62709765282
62710092527
62736106784
62736176487
62737472952
62743648025
62744792080
62745459601
62757003618
62771377883
62773854793
62794414656
62839027177
62840691371
62856028429
62862859294
62874592517
62916284167
62927479523
62945797603
62970953730
63001642140
63001692516
63003954452
63004232633
63033404745
63068062011
63093595192
63121084928
63135262369
63144947124
63150373729
63152994922
63154458662
63155283971
63184816938
63198280208
63227539486
63254012986
63259221811
63278922604
63299105606
63347528491
63377465503
63377589427
63408788979
63423263810
63442949277
63443091152
63448367670
63454279250
63464944919
63484295706
63494833077
63512842309
63518482604
63524802008
63539269515
63583562470
63588586112
63589320355
63592446631
63600265549
63625157357
63662684080
63684038920
63706856927
63718808413
63720166507
63722532884
63724740842
63757759487
63763637328
63775416041
63780516146
63792902850
63822137661
63829381961
63859394367
63887132936
63894564503
63896976445
63921711253
64001402189
64001407352
64010643857
64012335672
64015380699
64041380906
64060878065
64082321109
64105009522
64107521375
64122588309
64131507824
64151383598
64162498651
64167980305
64180955667
64196066315
64202044962
64231550519
64245469575
64276541467
64305374173
64375118953
64387214408
64390015609
64408272615
64433244143
64450357768
64474562858
64485290628
64486416253
64508937331
64528269778
64536107625
64542188630
64556978080
64566803132
64567769143
64578765087
64606906091
64609914717
64624182084
64648228527
64680842448
64696359122
64699466163
64737810639
64741121417
64760406810
64788268812
64790901198
64796481099
64798228156
64802043510
64863905537
64894757195
64912167551
64936045714
64946869274
64954683382
64965114233
64968975319
64974653414
64975933743
65002630462
65004617467
65007655059
65035982612
65038965642
65041052132
65070261871
65075524047
65075617726
65081461914
65104084350
65113488007
65114015182
65114782948
65124826722
65139765589
65148818571
65158161106
65162406418
65197447936
65202550704
65204201441
65212635927
65216579272
65243376054
65268033842
65270669079
65290649733
65308263566
65315710339
65315972315
65337097034
65338783670
65349968274
65368858559
65391948312
65398492200
65431633856
65453527325
65470868831
65483979048
65489531069
65497434207
65498993699
65516908653
65541814846
65542596200
65580058235
65595286624
65605082332
65608012976
65643932092
65706410416
65711753656
65750941241
65753950385
65782724113
65799602736
65823342432
65833763848
65894579847
65926282907
65942391895
65945589522
65948264261
65959819645
65969417422
65995984261
66001846840
66020004577
66022983347
66030355201
66039034810
66043615219
66060725783
66078062273
66081511069
66086356586
66106276830
66119279074
66121646277
66121974063
66127417263
66135131741
66135775982
66142484348
66143512357
66147372272
66150395618
66151162370
66153329244
66159109334
66162347023
66197796824
66201173848
66201803299
66202837934
66214160930
66228384017
66239071611
66255982472
66290181671
66301622014
66317739372
66345261978
66362133523
66372838580
66376801057
66400283702
66405367915
66410344631
66421086796
66423882776
66436203163
66441652918
66466315485
66503606454
66571806014
66658517540
66661702811
66705875539
66709220186
66712869614
66724718780
66749734810
66767476579
66804192119
66811051787
66812043325
66834367508
66835958532
66836070215
66839486131
66876266756
66885974871
66908550241
66914180540
66936494986
66951242608
66975404331
66977612434
67005940590
67008559331
67051201603
67054953582
67064811725
67071180906
67116770390
67129801378
67141120383
67151431159
67161330105
67206234058
67235176352
67240620178
67245483839
67255641774
67280168077
67309414698
67311825264
67340098730
67347506385
67350530385
67352381020
67358820589
67361523522
67389740920
67405982148
67411096709
67434132348
67440823477
67468479464
67470166019
67472645758
67475142427
67499690395
67499776752
67500407121
67500814432
67505165714
67505353553
67506904714
67507322550
67508658439
67512661292
67517857976
67518487028
67522193534
67525716122
67531434662
67534710993
67551936400
67561712586
67562754419
67616702531
67616946832
67624416760
67642073950
67642421203
67648676406
67680045599
67691946606
67716279065
67719824608
67733695340
67747855042
67803982026
67825800947
67841147051
67895426026
67898864622
67924779518
67985667726
68003420657
68009942821
68020606762
68031424393
68073292921
68084592577
68097381004
68118941281
68124834538
68128918855
68135339347
68149790833
68153641120
68170865099
68180228511
68184565305
68192219858
68193465180
68195761492
68226135941
68248082092
68266880270
68269979448
68286375819
68319936792
68344661146
68346084154
68370961678
68393849659
68406159910
68416731625
68450089450
68465138500
68482381326
68494067450
68526145502
68529938569
68539329715
68548854192
68552515197
68581622607
68584012258
68586655931
68606873752
68619654305
68641124230
68656346284
68673785109
68682830223
68683094315
68726846945
68730348154
68762301358
68796566551
68811403402
68825394305
68832804093
68870357388
68871152328
68878319467
68895419264
68900764664
68906491505
68932586945
68936082425
68941483424
68964770573
68968894030
68969706869
68970061121
68974919948
69005482079
69020142426
69027416372
69040558703
69048319194
69052893810
69059729443
69062423924
69076803552
69079303941
69085148965
69090874094
69094966899
69100437283
69103284557
69108513572
69120915179
69131162862
69136339351
69146801667
69164690172
69195344087
69207872843
69213316739
69215735939
69223176588
69225523175
69229063453
69320556263
69337295016
69353709180
69357269367
69376127145
69401518841
69458144985
69469180118
69473416196
69473840615
69523367730
69546096373
69559953001
69579751247
69584612101
69588787904
69594521138
69600244117
69607232478
69645976280
69649149282
69678476650
69683318068
69712405730
69726150582
69739965645
69765196038
69780477304
69832133077
69852354506
69880710257
69893345889
69911813193
69927528138
69931196293
69977310992
70012812514
70030205471
70059474567
70065099100
70067906392
70079680676
70084133667
70098123124
70104509854
70141248231
70152410841
70162362576
70189697620
70207504076
70241763118
70273700830
70282132320
70299040152
70301065400
70306593568
70311920302
70347898110
70349217998
70371432951
70387367822
70411073988
70417973968
70439342697
70454064291
70461446096
70489131837
70502165034
70503370762
70515563055
70532305744
70549189541
70568272077
70579566172
70588023927
70603677620
70622406175
70635186134
70639231242
70639571820
70680889946
70735446794
70746229919
70753662366
70794244948
70810033042
70821416819
70824870276
70827099763
70827380240
70837491496
70861002864
70883473107
70917117164
70924807040
70929061516
70932199358
70961445316
70972235132
70985935051
71001460109
71005479345
71029176635
71058437491
71063758430
71074533638
71081921422
71087585962
71089016886
71094832023
71103602222
71113424794
71124895868
71153214970
71159338106
71163607443
71168239147
71169705582
71172524797
71185148383
71190991572
71223787877
71240445733
71257069110
71283622594
71285913609
71292801450
71294832195
71320785577
71332796155
71335914574
71340020388
71340769746
71345625858
71345803783
71382336678
71384615722
71385314142
71401492606
71432778985
71451134266
71451986980
71475688757
71487484804
71502819388
71510461663
71528559812
71534481619
71563927959
71602528493
71603013386
71614958046
71621320968
71676762558
71693922911
71703319547
71710494975
71727535022
71728513615
71744375035
71771148645
71782886938
71798524621
71825355465
71837373365
71845250653
71918486420
71919237635
71929882434
71954826729
72001396285
72057691540
72066901440
72072869271
72079134060
72082670552
72092899075
72096826701
72113529230
72117732606
72121295493
72130566299
72140180212
72151597598
72155714958
72163036106
72163665012
72167389915
72182315364
72187534216
72196400384
72218710414
72231469210
72246194518
72260474127
72281552282
72301353428
72305097400
72331215018
72376424321
72383461714
72407784377
72422457117
72487351240
72517409103
72577324678
72596217103
72632374104
72637359173
72646763851
72649411892
72655495764
72681465293
72698970349
72710565768
72718278367
72719358033
72720759499
72722906745
72723785606
72728050974
72728375066
72730502515
72732097734
72733048258
72733204059
72734458797
72736165004
72737780603
72757784050
72783974217
72783982010
72790188963
72793379726
72801392511
72824938822
72828839663
72839635089
72847375336
72857901141
72872721408
72889452590
72897538479
72914096035
72914778627
72948480794
72951224815
72953615055
72956607044
72976207456
72976280772
73002882046
73023590954
73034073300
73034991229
73052275501
73053100351
73065010521
73066497998
73076671086
73113874780
73125135314
73154029321
73159701643
73161761511
73162431370
73180232691
73187462622
73310402698
73379652288
73398958336
73404212390
73418570321
73435209605
73452556608
73457985455
73476077318
73479958449
73485864796
73517799052
73570706303
73587697084
73602851304
73603488606
73630950571
73652976145
73653915054
73667057590
73692668294
73706966727
73710361216
73721213191
73740472372
73744113036
73753715122
73764857389
73790372994
73797110802
73837149814
73841628487
73849561374
73860682889
73861250031
73879960566
73892306796
73903012296
73926417036
73961863905
73962064245
74023634693
74040260921
74043711596
74050073423
74053534029
74053816050
74093522860
74096911312
74097484656
74109644149
74143040331
74163388146
74178402274
74210149688
74228930155
74237360089
74237853676
74243069342
74303580025
74351515657
74353630870
74360470256
74411771395
74416990215
74427105473
74433540081
74436935860
74439575326
74448434140
74457992032
74458848379
74461245931
74475082443
74481074407
74505904633
74542918323
74559523285
74599315130
74611302670
74639918307
74650885372
74663596600
74665754698
74667946618
74675587753
74682651240
74684178958
74702726646
74708329265
74713544196
74718615018
74731976399
74786850374
74787276191
74791336618
74812727703
74824900400
74830845135
74842318623
74864481816
74876513669
74881164484
74883174802
74918554969
74943386783
74976561301
74984031310
74984208500
75000115499
75000729064
75019883809
75035728937
75039376800
75045585228
75048488036
75061197206
75069321161
75073215905
75073503536
75092701811
75093761221
75099636610
75099677671
75139872814
75149045330
75154866065
75173794836
75185914898
75206672795
75254531905
75273408032
75277600748
75316161522
75388602155
75390770109
75392171797
75426089818
75472914876
75501050205
75504643737
75515602681
75525415183
75526195030
75539962891
75546116963
75553260035
75588202323
75608356229
75627502798
75653237276
75670763225
75675771752
75682049392
75687827948
75730494315
75737547363
75765715356
75778173734
75778320689
75792454315
75792811282
75794198013
75812792400
75833218709
75833582216
75857638023
75864756335
75891127159
75929810114
75946459334
75951377837
75955403089
75961558209
75983224688
75990922939
76000665958
76004859787
76028495534
76046342016
76047241067
76052283155
76061678642
76069457196
76070062077
76074234684
76079961336
76080931246
76091415805
76098386244
76127206373
76129704985
76136816947
76146796045
76162131985
76168978354
76169935407
76267639826
76295290299
76385572473
76395493850
76406320498
76451676675
76471227813
76497693456
76523046904
76525926378
76529754223
76537697806
76539145384
76543859401
76559353081
76566223684
76567288758
76570654514
76587071524
76593147884
76620874983
76636116322
76637726170
76648261953
76650219895
76659232917
76664292582
76705676891
76720524288
76729965460
76742807054
76744700640
76750765720
76758095679
76785024832
76831212489
76865250521
76868005282
76907549962
76948179848
76960855382
77005284605
77012066724
77040805648
77060800240
77068648907
77082486904
77098365345
77137943554
77138568064
77159288280
77160576563
77163487714
77184603318
77196184865
77216699319
77218095441
77228548485
77250438276
77272456852
77298953588
77308469452
77336881946
77343068640
77354089430
77356628968
77372838543
77387681205
77397573119
77398075643
77411475154
77439045632
77439913040
77448218202
77495653152
77521368400
77541138944
77541712392
77558380027
77597809018
77603661386
77609920813
77618891282
77715485472
77728070205
77805591541
77812954554
77813976655
77842677240
77869364029
77869781109
77870780578
77881810883
77887235513
77914180599
77973259845
77977292814
78002508205
78005598452
78007976380
78016498023
78039911732
78046165650
78046485805
78059388144
78100720688
78113023908
78125537744
78126919291
78128582383
78136825721
78138877942
78139843743
78139981972
78140897461
78141695219
78144256876
78144360206
78146899340
78147661415
78147813808
78149243863
78151548270
78152504400
78154418488
78159768215
78160023958
78160334734
78168259434
78180046214
78209321509
78210671973
78230864410
78239669644
78280590434
78298119860
78358235975
78370331975
78405480516
78417413080
78419133002
78421446863
78422586819
78422786128
78434245204
78447488509
78467992018
78480877357
78496702344
78498748021
78510640505
78512317205
78528961387
78531584243
78585442768
78604722129
78605780966
78645768744
78648321503
78653736801
78668432096
78669230481
78706182367
78706225751
78707526929
78714005871
78718936692
78727017074
78732953942
78739488671
78766448344
78779081298
78806328640
78816735806
78818909452
78847434013
78850519405
78866833793
78871908756
78904059049
78920198909
78964142490
78965364337
79004295523
79009931881
79025622337
79028110079
79035370860
79054282254
79062901626
79100095896
79118276978
79119055588
79122406099
79150395379
79150583299
79154074399
79154559967
79160455191
79164659032
79171701717
79193879544
79221966715
79224656789
79245605610
79276416465
79280516642
79303345174
79340099129
79347145104
79353704403
79360259699
79386162069
79415544501
79422330367
79441309051
79494253745
79495046929
79517470764
79521204281
79541533698
79543487926
79543509672
79545395282
79558032648
79581209745
79607176531
79609355992
79610084733
79652460440
79676061534
79682975230
79687937090
79752366789
79769819649
79787315013
79789126653
79805598947
79822065033
79829631858
79836996481
79839761486
79845287231
79857428995
79862325926
79864920092
79875841301
79881252629
79886337313
79902601713
79954488428
79984899862
79996123660
80009384789
80017878315
80025100491
80047484350
80048202410
80069275823
80096930406
80099255106
80132692839
80134680434
80143376383
80151641256
80154512026
80155946746
80160280473
80164361070
80168864588
80187871336
80207992940
80225562579
80228171606
80261656806
80289198685
80297843751
80323916004
80326935851
80329263488
80330266489
80335229419
80339608495
80348868923
80376322156
80384729443
80386855687
80398070985
80401846654
80423723426
80499328286
80507845625
80521746979
80526678799
80602013589
80624022078
80634556517
80639008795
80652958059
80669470649
80680665729
80683665543
80696408544
80718588450
80726336645
80739620575
80741494143
80780850385
80786305104
80791786654
80875035501
80906104843
80918417626
80922910621
80928407356
80932656648
80965243159
80967595577
80990419897
81022159790
81076375472
81100646268
81101734098
81102977033
81118797229
81120667870
81133726334
81158385990
81161304280
81169672368
81172446370
81173463438
81174353311
81183963878
81208394283
81213793694
81219330536
81221034803
81267532556
81273876212
81335709770
81369938540
81385306588
81425615628
81464714064
81473137902
81511772574
81529090272
81533015915
81550338311
81550569268
81554106495
81592839027
81598476924
81640656464
81661731093
81670579911
81738807183
81763203730
81822303943
81835991480
81842005573
81849488440
81855715342
81866498472
81873329909
81916828529
81922935125
81952835314
81978154369
81993889014
82003333613
82051987181
82086279546
82114305956
82122540401
82138286638
82163790347
82166739438
82218859423
82254726617
82257345153
82266840632
82289769674
82295885293
82317051446
82321787570
82322528920
82340450807
82413449427
82416693693
82455866195
82457248223
82461223681
82473635365
82475219563
82492408686
82493984077
82497844953
82516609369
82539119847
82542748615
82574285652
82587495834
82610169785
82617654256
82618799100
82670533940
82682125995
82694395104
82714811526
82747739257
82760465243
82765285850
82780246140
82799819007
82816929830
82834722187
82843594015
82863430224
82863460787
82893353460
82908013504
82937429917
82941894669
82950368927
82963855741
82972467132
83005118927
83007380264
83047109560
83057125615
83079978912
83082153562
83090754298
83102306329
83120194088
83126319622
83127312202
83133587714
83141299033
83168488206
83177125489
83198104873
83237744702
83243281322
83275971124
83280537185
83294807625
83318083925
83320920086
83329814437
83340896533
83406593900
83417140677
83464717793
83467621741
83490239716
83546618643
83552447699
83557183522
83568381766
83607814488
83607904334
83641088900
83660850259
83671140375
83688763826
83710238286
83714377408
83727367065
83758185001
83763811250
83765131215
83772858631
83813490191
83840225477
83876902807
83912355713
83925677027
83928404367
83988683040
84002325933
84012915155
84014985245
84029550584
84036422856
84057054782
84069453960
84074994970
84099220396
84101720547
84110851413
84114483091
84142550612
84144866277
84160471327
84163772423
84164885276
84181629472
84194825242
84216099254
84264807044
84287328020
84288358415
84306450256
84309684926
84310985214
84348350606
84355470506
84362511857
84364508081
84372929159
84387753029
84405168482
84411986312
84427632385
84436992411
84437005743
84463231324
84475812136
84481864774
84545548065
84558203219
84575562400
84583033445
84626936633
84663114630
84668056396
84684616102
84689423478
84704326010
84707114094
84712667977
84720449815
84732527013
84768115907
84774130681
84782588107
84815966975
84867769494
84876420133
84879212700
84883710084
84884299283
84904783756
84904961730
84915951437
84916650019
84958123132
84989184704
85041362851
85047163709
85048036759
85061145918
85085097570
85087087448
85107307543
85123959140
85128635270
85142281124
85145984087
85165969228
85184159986
85212560789
85231156705
85251070280
85251364498
85270236430
85270654546
85283456396
85323064052
85323792198
85338603114
85378302715
85418664237
85420635804
85424195360
85442675779
85449319977
85456546733
85457159935
85480767579
85492831736
85502986808
85503164792
85517338810
85524233120
85545718823
85565303770
85595277226
85602260117
85612938606
85636581270
85646962499
85648394353
85668818546
85697994606
85703204984
85717804894
85739833147
85750194645
85762217605
85773661938
85774248945
85838848206
85847012455
85860530464
85876063677
85975933751
85983627412
85990703642
86003072875
86005487070
86007199037
86018930732
86019144949
86044615448
86103391516
86113246381
86125183637
86134107396
86156394093
86157676479
86161443304
86167066702
86181053193
86189319259
86197505799
86205626212
86212202823
86216283009
86268364599
86279911857
86297589178
86316353692
86319356567
86337213865
86346066997
86348545382
86352831972
86364552299
86369223985
86370010355
86409194364
86413146705
86477343077
86502790113
86551599049
86552854517
86558416960
86578621195
86588113056
86600808731
86605571542
86605696357
86606443976
86606813709
86607815690
86608851243
86609212206
86610445079
86612112065
86613864964
86619434929
86619781232
86623884001
86625877162
86626756967
86627940993
86631462079
86633799124
86635316588
86639348240
86639929021
86641852894
86648041219
86648724459
86650751268
86651288601
86652623065
86652949289
86652955462
86654892750
86655629434
86667505686
86670352232
86671012646
86673704249
86674411801
86675791123
86677358618
86678908726
86680359981
86680954246
86683146225
86684184396
86686089365
86687069320
86688745528
86690375955
86691753166
86694881958
86695642473
86697046770
86698299732
86704088698
86706254380
86709964682
86710283520
86712683107
86715362344
86715579866
86715706108
86718499733
86718892600
86719701476
86723644961
86724656359
86725312951
86726395813
86726744923
86730188567
86731936332
86732355334
86734558863
86738873177
86740237109
86741902011
86746498517
86746501671
86751554596
86751886993
86752337898
86753159174
86753897089
86755841257
86756149688
86757997574
86758482386
86759565998
86761268408
86762639182
86763916066
86767012734
86803030291
86808598495
86819005052
86830549797
86882156400
86892007349
86905295237
86915860807
86945730529
86986095718
86988625877
86991060964
86991769039
87001251930
87008554550
87008942022
87014673068
87015487485
87016296756
87018234525
87020006222
87020095683
87021092987
87022415702
87022787286
87026527834
87026807478
87034832683
87036281903
87041563529
87050055251
87050611348
87052097720
87052407647
87056029460
87056381902
87058139553
87059619628
87061910983
87062193803
87063159080
87063397231
87065814271
87067639050
87068667906
87070333612
87070633873
87071292420
87072480123
87073011024
87073810288
87074093108
87077353207
87077601779
87080836450
87081487187
87081974656
87083349070
87085366887
87087173965
87088178894
87089560690
87092083980
87093479022
87095830484
87095835760
87096739234
87097394637
87101348501
87102362734
87102451785
87104571372
87104643656
87114666170
87116781965
87116815488
87118642023
87119221356
87119740831
87119935922
87134705813
87135985311
87143336930
87153161102
87158408125
87161052834
87188297017
87215013420
87220962939
87227652465
87230039001
87230275709
87254450219
87258437110
87258837519
87262598257
87273491898
87289672303
87299723706
87314806235
87318690725
87322179729
87343954625
87352625745
87361016157
87361757372
87383802624
87458627114
87494719817
87525832673
87543263376
87563413309
87577569544
87601248948
87602909233
87610941760
87640088120
87662236948
87673011817
87679869650
87746086345
87752928863
87753719105
87755685920
87765372974
87765476249
87765711349
87766020500
87767010514
87769058890
87770092385
87770455811
87772250080
87774502571
87783352307
87783497383
87784625346
87786344279
87787830365
87789095018
87796440087
87796750409
87796949787
87798635420
87799341324
87803772347
87806158170
87806285048
87838627010
87849552770
87859250727
87861907900
87866313010
87869394622
87876300261
87884500328
87928295208
87990371600
88003376645
88020913987
88039025340
88059911082
88063221325
88090251360
88095758771
88096933309
88117591365
88128765083
88129721277
88132530433
88135716654
88140422911
88140766874
88141673059
88152717906
88154999854
88163305535
88196576393
88203246769
88203564786
88220890023
88221440844
88223629923
88265248819
88294660514
88300313741
88305929692
88348636548
88362932406
88371370084
88395065829
88416615096
88420644317
88496386596
88497391693
88498797939
88499248294
88523277964
88554120826
88619803230
88648517643
88672908638
88705721797
88756310910
88779385428
88805219703
88814128989
88816896404
88817839924
88821294121
88827270425
88827392260
88836276421
88837988037
88838045158
88840697352
88845915950
88851368006
88860568191
88866506058
88869962393
88870117146
88872077611
88875935533
88876940581
88877083292
88880260706
88880271123
88884658423
88885192526
88887745894
88887884129
88890705424
88896520457
88898668593
88901596381
88906060879
88906460804
88908163537
88908890502
88913042469
88915491942
88917509814
88918514862
88920560382
88920977424
88923043874
88923234273
88923378831
88925083320
88927124778
88929629045
88930915433
88934244646
88935847172
88940567922
88940804561
88944738655
88944738687
88946391865
88950048027
88950956863
88951402185
88952516027
88953472275
88975439772
89001655330
89003630984
89014330037
89025302470
89079050571
89083901580
89094211541
89101781999
89116603251
89133754379
89139884622
89144187309
89150536208
89161075037
89167816408
89168604975
89191305382
89192321478
89197606810
89214192164
89228095819
89229058585
89229936069
89231944054
89232703143
89236128627
89237617288
89252019100
89252074692
89253204275
89254364767
89255150473
89258869421
89259636804
89260514007
89263138077
89273123789
89273885384
89274602391
89275232797
89275488487
89281373262
89282387425
89283867031
89284071502
89286191509
89286646254
89289882744
89294579987
89301626561
89302507873
89303705426
89305120340
89314523057
89360208995
89428093951
89439285877
89441653939
89474061101
89491770460
89494966725
89497223655
89504226963
89509521070
89528246757
89538876409
89544964358
89583936498
89590205445
89606641042
89608217528
89612991549
89619280131
89637373775
89670200241
89674877170
89678237395
89688617443
89717793858
89726855944
89763797625
89809130058
89851213090
89852108912
89854428066
89863379338
89866007600
89892817584
89908174563
89924546445
89926844345
89944534103
89946436495
89976713464
89993326067
89998002197
90001684564
90020256525
90028280196
90029510699
90037568795
90063522503
90064254127
90078042719
90085234466
90092701856
90093369113
90094852801
90114470179
90123246060
90123842457
90126865610
90171395089
90172660439
90181156998
90208481587
90242543033
90246850456
90289364462
90338093554
90348832577
90357159976
90364319879
90368554841
90371621404
90381510613
90388076570
90397584523
90398145842
90411381490
90423482528
90437248101
90455869147
90510046396
90511398001
90513523089
90515679536
90518196773
90553924496
90574610892
90576195344
90592351642
90599388981
90602065728
90608488008
90621890144
90626041464
90634171963
90636728782
90664506604
90700613342
90702311976
90716543018
90755776356
90760478930
90809676898
90817256323
90843689625
90843916382
90853268642
90869233785
90883694483
90886751909
90906357359
90936762918
90943428964
90952801237
90983986458
90998787691
91003765400
91081787807
91088504781
91105863545
91152101936
91171718630
91191838619
91206631179
91210054428
91285321616
91391032275
91395788471
91396858788
91402875571
91405140731
91416186495
91439681183
91442548188
91458002794
91463504363
91478288030
91494374278
91523752325
91565491404
91578552648
91587413519
91591323977
91594760603
91603900081
91605684160
91612010265
91633002268
91636816909
91678230250
91707055195
91735737042
91736233610
91768354359
91782891732
91787931034
91790683499
91792464463
91833041753
91840980310
91853820462
91860912692
91862573996
91867547230
91903899273
91910284131
91971305940
91990751248
91994107645
91998575201
92000362130
92005436623
92010439415
92057419011
92059989059
92095617066
92105643985
92115819913
92144303509
92179110301
92224847047
92234314883
92265053552
92303245354
92330774473
92340024975
92343426722
92387315848
92392718354
92403002805
92413559308
92431161861
92449500558
92464608932
92477472779
92482453880
92488467455
92495064414
92498408056
92501029566
92539268911
92586732012
92590473261
92603617401
92607649343
92617522697
92632398795
92641498433
92656485113
92668197351
92673705248
92732915811
92760170793
92800330912
92824350706
92843274649
92844049576
92851421748
92859677841
92866220508
92883242863
92889532535
92906902498
92924509549
92941149801
92943439778
92944713763
92950653239
93002611493
93010941689
93020423604
93024383294
93032950114
93045052987
93056521481
93067745575
93078219075
93078293282
93080271156
93082433511
93086857310
93088264576
93089831694
93099567856
93170036765
93171417632
93179460063
93220114605
93253377606
93294574633
93307123595
93308562906
93355139283
93360459331
93368853750
93371714718
93380936368
93384931672
93396779240
93400210879
93445548303
93452093821
93463980576
93466302193
93469260998
93511572498
93558050693
93559167159
93601321109
93613838697
93632250301
93632297836
93656183856
93679430560
93709828790
93714558100
93725373608
93746198794
93760286179
93762670636
93765191081
93769071672
93786260763
93820165921
93826528606
93835432439
93841685100
93852374621
93874305808
93915917981
93917816864
93920817423
93936280528
93945965185
93961276269
94002727862
94003213420
94021324933
94043366432
94061943906
94075196570
94090702346
94104730789
94110263937
94128078656
94134067979
94138877323
94142232753
94150310403
94160383406
94160436655
94190128145
94201659710
94207742902
94214710306
94271557742
94281856854
94282404797
94300137382
94336191406
94349984987
94355321824
94397971429
94400216220
94403610357
94407613836
94448741301
94461296403
94463966573
94466958530
94533515344
94536543216
94548832897
94548976133
94571728412
94580439913
94590690960
94598509302
94633829443
94649391287
94655762828
94656435247
94665839563
94672798273
94675123972
94705804736
94743620170
94746768251
94772187822
94781396032
94806430810
94807022374
94837941883
94858445705
94870326682
94874151178
94876250709
94891665344
94892408184
94898703526
94903115897
94937314023
94942779729
94986493961
95005464781
95006568903
95020069961
95043216214
95066929379
95113690226
95117724749
95124340063
95128477267
95138649631
95140632996
95145396628
95153507763
95156118410
95204648765
95206646210
95232318452
95248620421
95252260215
95284832194
95296299887
95306039063
95306219126
95318587211
95355616026
95363783024
95426950631
95440436704
95440638923
95447675415
95455187312
95471517225
95471816595
95484242854
95508527016
95531696574
95547948549
95557274878
95561294720
95573728150
95614845521
95621969049
95676518926
95743643216
95756923819
95771208957
95813516073
95835184680
95853497414
95861692783
95863788183
95915236726
95916851003
95959176181
95972081533
95980061205
96011445485
96020501502
96049138512
96051702270
96060601998
96068007159
96074164984
96128844742
96130801880
96149350335
96153447784
96166412580
96169766563
96242001585
96242501334
96257427495
96304946070
96317621954
96338263762
96346839194
96360674810
96364533650
96385362762
96394603890
96403658728
96408973533
96426137686
96434978016
96456687436
96505459750
96511332153
96512002417
96520387440
96529159470
96546512688
96550494292
96554478158
96575647082
96576246309
96606097471
96612521171
96623006798
96634575430
96637308035
96670899593
96676936086
96692166219
96698269909
96700893602
96718624658
96746609570
96750535343
96761232883
96794740898
96796401615
96800883161
96836440520
96840341085
96849442035
96857603497
96868712464
96882033800
96913805920
96928183625
96929977985
96937712271
96938796137
96943341986
96953566028
96969196409
96982075193
96995380874
96996419230
97007529124
97018292901
97024518744
97026223152
97068717949
97100207234
97106154033
97106847155
97134671578
97139429173
97168218193
97190076356
97200373670
97200882749
97205159242
97226242052
97249525923
97272128465
97274891877
97303852650
97321652001
97334493341
97337592606
97375055225
97409763363
97435772431
97450542322
97490179579
97539340651
97566377970
97574705861
97584518363
97595871863
97663794613
97692656501
97695544377
97727281176
97766793252
97768476707
97780776659
97783919875
97814385093
97827465033
97837573714
97908901849
97912132162
97925674741
97950980923
97954230378
97969681302
98012260068
98020828545
98025089593
98048327969
98077372879
98078656708
98085317365
98114299154
98128495867
98139931400
98150099340
98157695261
98160022579
98205133148
98205605097
98212577507
98213101156
98238057607
98243854982
98249782136
98274942761
98296380577
98332835707
98345953986
98406216610
98409318288
98419515730
98451268318
98474625905
98486024538
98490398257
98490435523
98557257245
98562088123
98565326049
98569429207
98599482966
98617484908
98644787314
98651789747
98651824167
98660103528
98663266530
98670386430
98700248537
98707458849
98709668314
98728453288
98747419854
98765667432
98770986491
98774052773
98786214691
98788139569
98818754092
98818945830
98824183176
98908433523
98919344720
98927247873
98938271504
98951395674
98977904502
98982324957
98988185103
98998302154
99010421416
99038256396
99056122653
99059109247
99061815781
99078974157
99079575712
99116491898
99121997933
99141679059
99143842569
99145420293
99153945403
99155811259
99155905829
99156528282
99157577081
99169959718
99177219084
99203041420
99211493564
99217286015
99238874027
99249040445
99276723545
99318384264
99359113511
99363042680
99418526071
99418820150
99428874523
99431415287
99437071895
99467963497
99485071632
99515376296
99519394069
99522537058
99526701490
99551206959
99567803487
99570270661
99574861228
99584455629
99618940780
99640772893
99680879142
99683117442
99689043008
99699855098
99706985058
99734539028
99734830191
99739326576
99806471807
99839330683
99895029598
99901072350
99925953714
99926852878
99940363592
99968440126
99981956379
99983835466