46420019505
46420647859
46421217911
46422028898
46424496099
46426429488
46429658543
46433204340
46434163310
46436762411
46437889612
46437963473
46438613892
46441581996
46443740631
46451270493
46451431764
46452391657
46457412054
46457982715
46458442449
46458945481
46460156080
46464433134
46467369114
46467901932
46468919335
46469387434
46470043863
46472591335
46473093940
46475946814
46476445957
46478664396
46478774119
46479304129
46480696805
46481278374
46482051881
46483738436
46484741913
46485375414
46486944346
46488171340
46488357909
46491806317
46492102043
46493434287
46494267513
46494381610
46495264623
46500526776
46502726553
46506548176
46506773821
46507026988
46508270690
46510320767
46511764128
46511872922
46512539055
46514741974
46517600227
46525229660
46525713554
46527323785
46527399493
46527484289
46530823040
46531585050
46532571905
46535818428
46537288783
46541131445
46541387135
46541394489
46541589386
46547965647
46550759445
46552663610
46553093304
46553292995
46556124243
46557991066
46559813037
46564087040
46567667358
46571131232
46572419623
46583755983
46584370860
46585834848
46590107889
46590341073
46590853501
46592298891
46592790902
46594298489
46595254619
46598535870
46600787513
46601288082
46601760749
46602631872
46604265269
46604906412
46604927871
46605665911
46606007952
46606326860
46606480274
46607036279
46607506463
46608029787
46609096568
46611276192
46612101140
46613084274
46614045631
46615298431
46615612911
46616151064
46616751701
46617308241
46620926624
46621632398
46621784894
46625541243
46627282381
46628619540
46631490789
46631728104
46632997055
46633550717
46635034059
46635537091
46636261960
46637082797
46637502059
46640023535
46640030938
46640137513
46640715540
46642232173
46642832810
46645808631
46648764477
46648875912
46649307944
46657160171
46657615434
46665996072
46667376576
46669009655
46672033736
46676121461
46677306728
46678342119
46682351527
46684486304
46687509305
46691251483
46693850584
46694591086
46697008439
46697432421
46697509964
46698611278
46699217077
46700979340
46701571202
46701751103
46702380488
46702909348
46703900146
46705152438
46705876530
46706005660
46708290869
46710106986
46711975365
46726014118
46728729783
46729020250
46730804857
46732262825
46732867706
46734880362
46735424865
46737975976
46739973372
46740840158
46742951995
46744282539
46744719400
46745445985
46746549751
46747699071
46748950203
46752084945
46752798140
46753672411
46754009138
46754732927
46758491338
46758934581
46763057335
46770194439
46770472124
46772015357
46779527729
46779535586
46780799802
46782764301
46783992368
46786783931
46788226389
46789710580
46791173904
46793650620
46794223392
46796784272
46796822623
46797134381
46801558050
46802033093
46804732099
46808352260
46809035932
46809325539
46810603908
46810916255
46812932987
46813997948
46818029718
46820568825
46823701619
46825100397
46826148316
46826978857
46826983156
46828862243
46830424830
46830865880
46831427318
46834099756
46834597804
46835970592
46837476657
46838138578
46840158065
46840348750
46845783094
46848411857
46851434540
46851736470
46852929562
46854801672
46856214026
46858474801
46860472115
46862704793
46862883021
46865074416
46866103154
46867067577
46867478032
46869317158
46873763167
46876068071
46876612440
46879692259
46880364543
46880814368
46881228877
46884461809
46884476675
46884697541
46889348610
46890158091
46891896885
46892945355
46895398758
46897455900
46897866758
46899563002
46901632821
46910241701
46910927371
46911412183
46915100469
46918708901
46921664051
46924614508
46924674216
46928529260
46930168840
46931847301
46935608276
46936068437
46943071686
46943474203
46943915971
46944747210
46945246321
46946574148
46948810283
46950368695
46952493018
46953835523
46957532412
46961936301
46968514791
46976160905
46976596140
46980643995
46981011039
46983317967
46983683369
46984262282
46985627175
46988908912
46990591023
46993250965
46995505967
46996709557
47000048911
47000049785
47000391104
47001365771
47002518450
47002521404
47002592770
47002684737
47002748727
47003167486
47003206728
47003214828
47003942603
47004678806
47007692168
47008479936
47008504587
47008528461
47009481458
47009554358
47009658422
47009730550
47009970353
47010613304
47013426202
47014082140
47015227107
47016376632
47017415365
47017747762
47019431984
47023572143
47024264919
47024500441
47025287361
47025385501
47026008077
47026588070
47032038365
47032151571
47035117979
47038268739
47039451793
47039484997
47044202152
47047524950
47048340302
47051495316
47051950568
47051964673
47052219364
47053821668
47054295821
47055668959
47055888821
47059150027
47059432193
47065022499
47065102463
47065314758
47066143081
47066180983
47068979323
47069774359
47071622844
47072394542
47074258352
47077509654
47077686245
47077968816
47078168297
47080729668
47082572629
47082585988
47082847667
47089430392
47091988609
47093062248
47093638310
47096317967
47097847642
47098187458
47101137316
47101325236
47101803552
47103181362
47104346590
47104732749
47107235455
47107916962
47108062659
47108742098
47108812617
47109842494
47110995518
47111374139
47112848604
47113453582
47116149985
47118107243
47119833407
47121568885
47122380803
47123793966
47124317545
47124814879
47125036857
47125716313
47127349802
47130389785
47130772851
47130881828
47131297731
47132329368
47132763232
47134008984
47135396568
47136697213
47137073404
47137821919
47138765305
47140180169
47141017434
47141272433
47142064532
47143207587
47143829252
47143964149
47144017587
47144568409
47144786747
47145126861
47146617272
47146909757
47148172472
47149244345
47150224218
47150631303
47150676781
47152108645
47152257728
47152953092
47153067291
47154090839
47154254184
47154903572
47154935691
47155412646
47155488467
47156532919
47158128182
47158706533
47159389325
47159808775
47159984411
47160010994
47160890589
47161121035
47161696680
47162212747
47162361280
47162770729
47163001045
47163393376
47164143393
47164442942
47164509475
47165213614
47165761633
47166666851
47167228980
47167512469
47168426533
47169005672
47169287638
47170895332
47176639959
47179498234
47185658192
47188675647
47189441977
47189736521
47190471595
47190983974
47191243207
47194381395
47194722648
47195810171
47197045372
47197282470
47197626347
47199696437
47201048834
47204978079
47205835001
47206509746
47209006415
47210932659
47211041081
47211398857
47213759824
47214653599
47215649360
47221136154
47223656890
47229814845
47230221730
47232564223
47235387067
47236033890
47236716100
47237514581
47237572750
47237992535
47238129808
47241254167
47242121003
47244277514
47244847699
47246084769
47247029764
47247734362
47248783517
47260207438
47263035483
47265927702
47266158686
47267958447
47268689035
47270479923
47272839129
47280156982
47284344904
47284584707
47288240388
47289057301
47289276724
47291464804
47292886958
47294431947
47297019104
47298315697
47299363767
47300443448
47301696329
47302027727
47303674155
47304287389
47304584962
47306109328
47308503618
47310462916
47319973170
47325246011
47325820894
47328725565
47330855967
47330913645
47332046225
47338645970
47340367187
47340827764
47342342713
47344168447
47344627037
47351817358
47352896624
47354062117
47354269806
47354923525
47358197200
47358678221
47362450812
47362691506
47367894930
47370544251
47371940540
47377341409
47380045086
47380655669
47383647577
47385112295
47387486308
47388005513
47389039003
47389115710
47392628857
47394677277
47398919339
47400341170
47400501857
47400887725
47401296570
47402122635
47402442321
47403937375
47404117465
47406518764
47409717352
47412028816
47412770058
47419635267
47423968006
47424031396
47424278289
47426935149
47429070153
47432080912
47434056048
47437480296
47439794083
47440586004
47441296195
47442730803
47446676205
47447076221
47447076334
47448686150
47448969838
47452273526
47452723206
47456224960
47460418675
47463524842
47466035761
47467887194
47469856498
47469966059
47470793776
47476624173
47477309320
47479598833
47482724029
47483109783
47484624818
47484828689
47485994145
47489490802
47491304203
47492613319
47493430415
47495270616
47495712147
47499715707
47502486560
47505330896
47505964257
47506594162
47508099142
47509182954
47509787754
47512918032
47513310423
47514793112
47516031580
47524616327
47527375036
47527376780
47530546968
47532152330
47532733418
47532937225
47534496680
47534920640
47535841156
47536206180
47536565776
47536616132
47537550175
47539096184
47539257455
47542146671
47542553950
47543706693
47545798216
47552535661
47553440258
47564630095
47567219190
47567663518
47568269236
47568799467
47570911839
47570961665
47572818347
47573576955
47574429194
47574836473
47575008738
47577322725
47579972430
47580185399
47581312132
47588370196
47589903537
47590584045
47592083841
47593249960
47593932353
47594947196
47595331649
47597323710
47598668509
47599341128
47602003225
47602257246
47603157188
47603318314
47604012829
47604377059
47604377880
47604632582
47605813125
47605853263
47606592064
47607896542
47608690704
47609285681
47613685234
47615772118
47617289372
47618685904
47622186060
47623117338
47624845862
47625481313
47631005011
47631886431
47634138128
47637739502
47638387615
47638744550
47639146736
47640353631
47641916277
47642120829
47643625232
47643625313
47644862258
47648132266
47648381881
47649476850
47649870785
47650782985
47651217658
47651403926
47651430511
47652034867
47654928706
47663432388
47665141343
47667086838
47667255966
47667758096
47667902331
47669749703
47673738558
47678439598
47683202949
47683396011
47683939515
47684930151
47685373398
47687603507
47691166330
47691583587
47693073232
47699562838
47701269826
47703236058
47703627137
47706435904
47707865851
47712308058
47713269825
47714018870
47718028381
47718250645
47720569707
47720636327
47722751815
47726799595
47731847898
47733108577
47734708916
47735825113
47735864522
47736451842
47737451657
47738431789
47739918372
47744571557
47744587412
47746370260
47746452183
47747637062
47748495705
47750736921
47753667350
47757290593
47757699486
47759493237
47760296929
47764365943
47764807442
47766259188
47766264826
47768483314
47775788180
47776809174
47778240806
47780830365
47783099088
47783175876
47784043829
47788922767
47789509742
47790824787
47792458892
47792533774
47795039121
47795834017
47797205110
47799049841
47801564318
47805713748
47805738577
47806369292
47808343138
47808600330
47810118393
47812823572
47817992571
47821546462
47824127996
47825352328
47825642562
47828693756
47829780825
47836204271
47836436168
47836506589
47838078616
47839076310
47839278561
47839672658
47842381892
47849580514
47852611032
47853957737
47864091075
47864870641
47866434367
47869774019
47871940698
47872569755
47873403677
47873891012
47877140753
47878335497
47884233793
47885007025
47885471565
47886171006
47886817585
47887634794
47891996207
47892298132
47899073906
47899636656
47903601412
47905156250
47907536122
47909376387
47912519295
47912805242
47914690349
47914809338
47914875364
47915006050
47915235468
47916808753
47919397281
47920480915
47926092363
47927799567
47929593318
47929713074
47931649319
47933268040
47941897510
47945020530
47945812553
47946241324
47949874109
47950845650
47953997527
47954015207
47955738061
47961504802
47963904033
47964631300
47973699206
47974474365
47976288533
47979728727
47979908709
47981670972
47982760665
47983588447
47986680266
47988396262
47991188779
47993819412
47994176076
47997148706
48000014442
48000024162
48000026219
48001244259
48002506461
48002693209
48002905802
48003155708
48003898688
48003922352
48003931537
48004692688
48005808868
48008389151
48009868286
48010731282
48010905059
48011019113
48012342679
48013137419
48013477673
48013480514
48013901697
48018405843
48019846563
48023632519
48025141841
48028049217
48028119719
48028377229
48031281899
48043676234
48047826636
48048571787
48049926766
48050701602
48050934115
48052434915
48053167187
48055975927
48059150604
48060071665
48061147680
48066780005
48067307368
48067379480
48067388390
48068035332
48068273498
48069040380
48071979826
48072489467
48074684049
48076830468
48077019204
48078045841
48080848522
48082184719