26832851554
26833246305
26834791402
26839268752
26840853463
26841371334
26844091811
26845580828
26846551905
26846612207
26847641517
26848328299
26851109591
26854137544
26854378189
26855239916
26855451780
26856853221
26857259630
26858845702
26858976754
26860355671
26861445364
26861969196
26862093364
26864504248
26865216076
26865895277
26866007090
26868409587
26869822967
26870657343
26872352144
26873357348
26873693121
26875589163
26876607565
26882592380
26883085367
26884005533
26884409971
26886312294
26889524759
26890359054
26890828460
26892177952
26893075227
26898009353
26901199294
26902386204
26904810679
26906705685
26907816967
26908038670
26908841391
26909421858
26911473545
26914310478
26914863741
26918391809
26920507993
26921227970
26923941238
26924752950
26927113155
26929226710
26936062807
26942243113
26943530683
26943673060
26944022521
26945088130
26947834348
26951789286
26952386537
26955304276
26961355025
26961643752
26963603790
26965966015
26968159851
26969457115
26970065392
26974352409
26977854671
26980528335
26980890141
26981125505
26983576824
26985298349
26985944017
26986485016
26987394770
26988941401
26990604929
26992674938
26993547730
26994694733
26997662848
26997734857
26997824541
26998940299
27000410891
27001577377
27001641729
27001712572
27002531482
27002567197
27002620857
27002925153
27003164092
27003169837
27003210624
27003317619
27003529639
27003659461
27004545153
27006448291
27006718458
27008394732
27009483372
27009484619
27009942269
27010689451
27013077595
27013354600
27013762947
27014304152
27018105395
27019849066
27020266108
27023429892
27023634871
27024002109
27025075008
27025490031
27025764291
27029125618
27031472032
27031819386
27031955882
27034783187
27037250566
27042621066
27042736048
27042746864
27042783250
27043610319
27046285204
27048553927
27049043740
27050405797
27055840045
27056750997
27059577034
27059720587
27059817410
27061783015
27062923559
27066475145
27067066995
27068396265
27068753524
27069572515
27072698710
27075428787
27075505289
27076461360
27076835849
27078144847
27078262201
27080473586
27081436919
27082074762
27083033467
27083525116
27085585356
27086154969
27086378071
27086590485
27088945247
27091290505
27091471086
27097996036
27098802094
27101522829
27101997473
27102615903
27104822791
27105219211
27105331833
27105635496
27105704028
27106935589
27107554996
27109601386
27109607472
27109750469
27110890776
27115655742
27116421106
27116954831
27118766153
27119699073
27120128303
27121462254
27121976172
27122661858
27122696375
27124009380
27125926169
27126112383
27126394074
27129971736
27131635848
27133441760
27134735292
27135375629
27136806025
27138226522
27138370086
27138388851
27140508027
27145147842
27146304268
27147160822
27148723468
27149318494
27150294053
27150925572
27151658055
27152373901
27152430914
27152942003
27153189068
27154634125
27154998786
27156610525
27157295952
27157748337
27158140679
27160421099
27161001065
27161091353
27161341869
27161377051
27162054637
27162291492
27163004206
27164407649
27165218265
27165739748
27166221710
27166947842
27167737144
27167820126
27168619298
27168979397
27169559282
27171290786
27171587031
27174635449
27175981902
27177503401
27177601524
27180011678
27180192703
27180380623
27181471158
27182395136
27182574227
27183347566
27187836220
27190532385
27194833151
27195379797
27196289331
27202539814
27206042648
27207854651
27209850621
27210598871
27212931547
27216470853
27220929967
27232257062
27232916396
27234336008
27236172564
27238256511
27238864167
27241197804
27247415008
27251421905
27253778616
27256385650
27259430299
27264951611
27266750815
27266808212
27267700286
27271801629
27273409620
27274646646
27275578481
27276087361
27278245250
27278767511
27278982517
27282523902
27283123502
27283236766
27284352509
27288206937
27288725316
27291816977
27292794577
27293377103
27296162757
27296341735
27298052261
27298401371
27299479885
27299606014
27300324062
27300836699
27303768068
27306073172
27308230413
27312877906
27318034037
27318798461
27320698942
27322878166
27324045484
27325203946
27325394949
27327074409
27330736630
27334142313
27334407712
27335528390
27339663078
27344904739
27349479074
27354201072
27356620191
27358139470
27358816673
27360485381
27361833270
27362141950
27362418851
27362481351
27362637001
27363409788
27366741378
27367197694
27369160573
27369163101
27370816639
27370982312
27378877899
27379713200
27382013793
27382435166
27383301094
27383780986
27396332379
27398998327
27400966141
27402615501
27403443579
27408195498
27409192689
27409814025
27411739367
27417430250
27417866116
27418272450
27419628384
27421225931
27423260197
27425992068
27431474030
27437318142
27437805805
27440486700
27441047149
27443749487
27448846003
27449104727
27450646724
27450662956
27455359121
27459106910
27459830526
27460459226
27462047026
27463476212
27464551794
27464890191
27465483985
27465964008
27465970277
27468340181
27470348435
27470831131
27471622808
27473077903
27473955419
27475342776
27476459950
27478553930
27480740168
27481230418
27484298002
27484576960
27496288507
27497118908
27499817251
27502115242
27503251472
27506022450
27507322511
27508090871
27508205443
27510459769
27516181993
27520623990
27524801015
27527067308
27527326152
27531526185
27534165711
27536601624
27536680188
27539191205
27543690512
27543788386
27545116894
27545235446
27549003453
27549011391
27550341837
27550537689
27550832497
27553554594
27553818217
27553885409
27556205212
27558325219
27562305985
27562583308
27563603217
27563622862
27563677337
27564105741
27567263855
27567453282
27568466360
27571479743
27573068466
27574071911
27574655122
27575492078
27576587209
27586226733
27586649882
27587126837
27588345704
27588501294
27589380349
27591541343
27597172986
27597316940
27599092104
27601056768
27601334598
27601641038
27603493643
27603799088
27605031310
27606246897
27606427382
27606903306
27606985639
27613127821
27613849310
27614301144
27616864902
27617876219
27618206500
27619204808
27621491988
27621772152
27622855845
27628612726
27632895531
27632920182
27633148634
27634141408
27634479810
27637350650
27638764802
27642509269
27643186845
27643392472
27643535955
27643715937
27645771728
27649587886
27653110474
27653348457
27656012715
27656108905
27656611429
27660498856
27664824241
27665027572
27665382606
27667162581
27670562513
27671719722
27675966331
27677126909
27678280959
27685250740
27688037912
27690737339
27697668510
27704225443
27704693547
27705731082
27706191324
27706929757
27707094986
27707377207
27708067570
27708482015
27708756081
27709825475
27710728684
27713170516
27715716643
27717539591
27717955861
27719879460
27722649627
27723815897
27727720406
27732591422
27732871228
27733964221
27734470622
27739744375
27740162259
27741128956
27741788043
27743517738
27744330304
27747657233
27748597330
27748681203
27753478012
27755348253
27760858229
27761310771
27763739685
27768389307
27770856059
27772196091
27774593103
27781429443
27781562477
27781576776
27783418042
27784095650
27786541607
27789796397
27792218837
27792825344
27793307251
27796405657
27797120213
27797639908
27797750187
27799760456
27799858202
27804730448
27805690066
27806889212
27811519738
27812845395
27813158223
27815571418
27825889862
27828781082
27833805134
27833875690
27834360583
27834763132
27843269460
27846718451
27848162152
27848252337
27849006965
27850177679
27850544545
27851213756
27852559058
27856581254
27862144280
27865593843
27868830797
27870044005
27870725512
27871986250
27874725092
27876008558
27882272030
27883299584
27884001644
27890475461
27895269408
27896385761
27899690766
27905648500
27906493475
27907263305
27907938558
27909216085
27910127637
27911047117
27911283243
27918551120
27921368402
27922708449
27928099507
27929251414
27935124470
27935840148
27938381615
27939220877
27941839780
27943898163
27945664276
27947339081
27950105846
27950218901
27953426819
27954400283
27956542350
27956602117
27956787655
27960651663
27962632405
27964638893
27967437460
27970475872
27971363152
27972875508
27973155179
27973570251
27976824064
27981601552
27982194515
27983789248
27983821157
28000030179
28001154481
28001281214
28001590240
28001799581
28002416024
28003017756
28003123591
28004307822
28004758641
28005080562
28007071169
28007174617
28007408513
28010065291
28019832671
28020001923
28021965601
28022059021
28023366549
28023435902
28025326523
28028035325
28029645173
28031349440
28032109501
28035342529
28041667312
28048684428
28050542633
28050738728
28053092961
28055211473
28056723473
28058995895
28059526813
28061334312
28061789693
28062943819
28066062244
28067150010
28067194840
28067655082
28070330997
28072610883
28077963234
28080557642
28081036023
28081680545
28082125921
28083220026
28083676266
28084855961
28085956427
28088476369
28088649029
28089849249
28095324379
28096807899
28098032145
28098538238
28099735672
28100589195
28101750417
28103492333
28104620085
28105114671
28105208339
28106610833
28107102492
28107581369
28108615626
28108949530
28109829049
28109834719
28111557567
28113005388
28113387741
28113716153
28114962106
28117364468
28118043254
28118858567
28120091652
28120862167
28122954214
28123318767
28123458584
28123604908
28124080864
28125847221
28126018497
28127218491
28128698831
28129828397
28131578299
28133921614
28134456101
28134805211
28135434596
28136819059
28137496829
28141197471
28141874836
28142836986
28142912614
28143820381
28144075563
28145246224
28145499160
28146432113
28146918587
28147194349
28148318241
28150157211
28150619828
28152740344
28152765529
28152773192
28154204052
28155735972
28158391363
28158509623
28159975809
28160726134
28161212933
28161244069
28162336478
28163168796
28163503688
28163735214
28164028568
28165468333
28165968178
28166520949
28167341479
28167607543
28167872424
28169197648
28169397119
28169822936
28169852113
28172022432
28172960914
28178341695
28178401268
28182739072
28182771909
28182838103
28185034812
28185635146
28185752931
28186801465
28191516496
28194064157
28194917352
28196004868
28196911653
28197641738
28198334742
28198476422
28198791026
28202292795
28204467511
28205281339
28208514271
28209143641
28218689750
28220640851
28221722606
28224020597
28228116497
28232695212
28233134566
28233206511
28235055703
28236775095
28240774783
28241473220
28247644291
28251689544
28252634820
28253342263
28253585948
28254807963
28255255477
28255657022
28261465779
28262635161
28266254883
28269730491
28275306298
28276286889
28276711401
28279041754
28281247260
28282277655
28284205542
28284312624
28284710912
28287316034
28289355781
28289372985
28290974280
28291298026
28291518783
28291731781
28292862746
28293043290
28293350118
28293690372
28293828072
28294789920
28294858467
28295487837
28298210291
28299455234
28302359029
28303213536
28307942106
28309806850
28316834043
28318461252
28328663100
28330113361
28336260791
28336727588
28343154415
28343724504
28345605194
28346714937
28349680213
28351254285
28351815464
28355923147
28359232500
28366345061
28367793120
28371337193
28372179668
28373483990
28378723038
28380623244
28381374805
28383817371
28384378247
28385160713
28385819815
28387205234
28390959977
28393825083
28396493298
28399654270
28404695952
28408678927
28408850928
28410893494
28410978058
28417575325
28420825202
28421029569
28421592590
28423749582
28424013351
28425125669
28426218581
28426574312
28426738239
28427351253
28427955275
28431261954
28431346518
28434115746
28435120794
28441600811
28441859157
28442877662
28443212905
28446153022
28446458802
28450392513
28453545562
28454635255
28460347396
28464405108
28467130995
28468358734
28471620426
28473809505
28473894355
28477399786
28478286143
28479095414
28481381568
28482743805
28483128625
28483243451
28484260519
28486261473
28492905417
28493520358
28493561355
28495709437
28498064480
28506654832
28508790570
28509089319
28510197070
28512020326
28519327557
28519639143
28521424723
28521738123
28521795320
28525237517
28527964884
28527996971
28529436692
28531123328
28531611396
28532240766
28532578379
28542513813
28548483885
28554778638
28557664280
28557958321
28558612293
28559762790
28567033253
28567316472
28569305427
28569497980
28570238892
28570823405
28572288397
28576678506
28577163318
28579493256
28580543405
28583209002
28589286011
28590053005
28591227418
28591908925
28595168220
28596233099
28596235945
28600783382
28600955539
28602083858
28602121853
28602590492
28602808657
28603457273
28603476259
28604010935
28604559613
28604684515
28606295281
28606702538
28607591006
28607598015
28607962498
28608054379
28608660206
28609761525
28609793919
28610124653
28610219871
28611244813
28612964286
28613404160
28613424118
28614767988
28614770829
28622409879
28627003039
28627978754
28628321854
28628975864
28629843510
28630244141
28632219595
28635306970
28636113557
28642080520
28643745755
28644233127
28645276380
28645448569
28645840496
28648236606
28649579429
28652817755
28653075292
28663230138
28664182671
28664537159
28673527123
28673948490
28680145816
28681862552
28682273535
28683466708
28684658391
28688072304
28690812636
28696089516
28696446564
28701176116
28704097840
28707501449
28709153342
28713967409
28714469933
28715221900
28715347557
28717477107
28719411457
28722622092
28726567780
28728183638
28728322186
28728781429
28732721750
28734230639
28734750875
28735859128
28737424766
28737645713
28740669496
28741337671
28741779693
28742062303
28744536809
28745162167
28745571034
28745969316
28746234780
28746881862
28751559040
28752841739
28753354680
28757355281
28758925428
28759706948
28761004671
28766869401
28767439969
28769020534
28769936093
28770658979
28776301656
28779832722
28781591728
28781873830
28781879078
28783933935
28784862276
28785166226
28786017860
28790158358
28791660919
28793923859
28795724150
28796221754
28796387679
28809153992
28809751783
28810787875
28813823194
28813845917
28814458989
28815796101
28820048811
28820157464
28823516626
28823982560
28827095217
28827399831
28830050437
28834397879
28835250060
28835756266
28836659751
28842514140
28844232312
28851921668
28853580900
28856138895
28856622612
28861633455
28861660072
28861783073
28866323901
28868100463
28868431099
28872903757
28872971371
28875335426
28877971960
28890322651
28891608196
28892373981
28897805447
28899741795
28900268246
28900949753
28901597834
28902289126
28902813989
28903750253
28905211531
28905891768
28910976306
28915832337
28916002464
28918587606
28918592920
28920804560
28921821628
28922584399
28923855786
28925863226
28927348474
28929833597
28931710837
28932022676
28933289969
28937221651
28940506271
28941617602
28946281350
28947183123
28947720072
28947734646
28948096586
28948694377
28953930342
28954143587
28955454146
28956753235
28961966314
28963068713
28967192498
28971221309
28972213570
28973386617
28975447289
28976768664
28977577935
28978250586
28980330580
28982466474
28982842282
28987156920
28988448670
28988744595
28992489506
28992535665
28993352874
28997816595
28997843293
28998874515
29000041529
29000042339
29000052059
29000791622
29000987717
29001260153
29001641738
29001711771
29001967380
29002248428
29003036995
29003980667
29004415259
29004746490
29005542628
29006537643
29008155780
29008418738
29008754818
29009548618
29010096437
29010100482
29010233333
29010575725
29010831156
29012203285
29012217665
29013274613
29020123190
29020976055
29021612143
29024101019
29028402977
29029526507
29032969039
29034142724
29035797084
29035951201
29035958436
29037296059
29039209620
29040364398
29043272812
29043323151
29044039946
29046512358
29049662065
29051527748
29053873822
29058676549
29058870593
29061995044
29063463789
29064778927
29065648419
29066358627
29067077696
29067995448
29068836509
29071884253
29072186679
29073761865
29074370505
29074465787
29076247836
29079519243
29083025344
29083850739
29084552766
29084970430
29086474713
29087453841
29088101544
29088792085
29089950547
29091541614
29093181022
29094941562
29097010653
29097201020
29097591763
29098181611
29098424805
29099603193
29100388412
29102392627
29102515088
29104160134
29104965727
29106194648
29107483661
29108513646
29109546358
29109830523
29110342685
29111286152
29113922713
29113941343
29114090372
29114602616
29115677086
29118053745
29119959335
29120677303
29122352372
29123188367
29123657903
29124637954
29124784014
29126111582
29127970629
29128340033
29128893667
29129103733
29129319204
29129492182
29129926790
29130318560
29130665477
29131297213
29132819700
29135703078
29136095566
29136520287
29136750112
29137905733
29138143911
29138795269
29139294316
29140009178
29141170535
29145344794
29146062217
29150464194
29150479514
29151647728
29151658258
29152312198
29152456756
29152695474
29152892272
29153170291
29153389676
29154665443
29154714130
29155014887
29159011941
29160107282
29160224165
29161485178
29161978927
29163336838
29163986124
29164907326
29167982658
29168959966
29169378904
29169962234
29170956389
29171289898
29181575231
29184783004
29186184660
29187159478
29189857367
29195420868
29197609947
29197914637
29198968906
29200651977
29200753195
29201392528
29205753865
29211926378
29212236597
29213076983
29215566367
29220523756
29220725975
29220860614
29221084357
29221832371
29227218897
29229236219
29232621571
29234122134
29240225467
29242079660
29244031992
29245370221
29245785739
29246523045
29248878249
29250105879
29250326551
29253918032
29256604947
29257744385
29257845036
29259054404
29260301302
29261942798
29262954840
29264591963
29270634040
29270826959
29271072930
29271092839
29271165432
29274874875
29277086505
29277294993
29277997901
29279786046
29285931025
29287068216
29287581394
29288596141
29293433202
29296465442
29298032009
29300274736
29300332301
29301468282
29307507685
29309853840
29312801932
29314998150
29323867379
29325459451
29325847117
29326771327
29328913048
29331321437
29334241336
29335121676
29335570988
29337103034
29338244815
29338815390
29338849615
29340052184
29341381772
29342941794
29344743170
29355402322
29355909144
29361083483
29361168128
29362435017
29362616937
29364020176
29367002639
29368482817
29373551419
29377613094
29378746905
29380024124
29380356634
29382170921
29382274228
29385024826
29385784865
29387800961
29388533606
29391793726
29393754655
29399676231
29400461336
29400563925
29405900913
29405919488
29409908668
29420390312
29421143098
29421287656
29421723069
29422759405
29425878963
29435150661
29436805048
29438128377
29438195488
29438381756
29440648854
29442450462
29443542871
29448635930
29448796434
29449149167
29449556446
29458490746
29465177172
29466839783
29468149802
29469078143
29470765637
29471803285
29471927113
29474223452
29480861332
29481003017
29484028048
29487850746
29498431085
29500384356
29502215156
29507716110
29508824896
29509051173
29513221690
29513745814
29515832617
29516002712
29520978671
29521269439
29525629885
29525639799
29525834783
29529009454
29531558637
29532079872
29534037437
29540818395
29540860758
29545755934
29546955960
29552382134
29554416319
29554656009
29556079017
29557563402
29558433007
29559147600
29560789340
29561947802
29563983780
29566130264
29566198115
29572118270
29574205073
29574391913
29575527420
29576011616
29576568151
29577118972
29581649513
29585601087
29588668136
29589026183
29589966172
29594274141
29594698505
29596973066
29599894790
29601168941
29601503897
29601920913
29602568696
29603753743
29603790387
29605783597
29605988538
29606183937
29606459947
29606661125
29606982781
29607287767
29608297012
29608393353
29608949088
29609128061
29611795952
29613471108
29613508076
29613629457
29613754052
29614376100
29620374284
29620781563
29621461272
29625808628
29626317152
29629370102
29640483274
29641810945
29642397234
29650502170
29653737957
29654817461
29661163433
29661673128
29664017338
29669469394
29672509308
29672739229
29675756198
29676208896
29677337853
29678552173
29679061134
29680432005
29684886367
29685236719
29687468421
29690858486
29692168537
29694588240
29697081927
29701471484
29702179872
29709476617
29711683408
29713624622
29715284841
29720771090
29722508815
29725021635
29725856356
29726939936
29731742054
29732891660
29733974031
29739009368
29741477082
29745378166
29747289728
29747980108
29748376716
29753172915
29756088003
29760065437
29760952927
29772869782
29773138940
29776732467
29780277583
29781711208
29788150681
29789126439
29789452281
29791502358
29796434178
29796572181
29797741060
29803413241
29805248209
29806801109
29808081988
29808439776
29812936529
29814679336
29819091039
29819487070
29823483200
29825839883
29827789807
29834220694
29834978109
29835302417
29836071361
29843532497
29844307522
29847261748
29849048781
29849202994
29849918359
29850984794
29863729400
29865338740
29867361909
29867690311
29867806740
29869900865
29870847857
29871638790
29875430244
29875463286
29875762560
29877958993
29879845165
29883200482
29886847502
29887159341
29887583937
29890233177
29890309652
29891843010
29906767955
29907192147
29911299608
29911894613
29917441045
29917985430
29918379160
29920168287
29921537846
29924074491
29924280587
29925611272
29932081168
29932625175
29933191414
29933766924
29936358875
29939853211
29943069812
29949742420
29951775848
29952918613
29954571742
29955158830
29957147655
29957515395
29964365614
29964779934
29965388589
29966283208
29975583072
29980190767
29984203605
29985744068
29986407895
29988792638
29992091914
30000182490
30000200288
30000314072
30000734921
30002274795
30003437081
30004697608
30005089556
30005203518
30005229238
30009874248
30010463895
30010995650
30011006509
30011991016
30015662017
30017977661
30018481184
30018685040
30019580932
30020166740
30021098995
30023616686
30024672824
30024924798
30026104607
30029668779
30030646482
30032544280
30036548925
30041183691
30051477457
30051602996
30051826729
30052875302
30053092970
30053258615
30053694438
30054052615
30054142282
30057554088
30060198420
30061528747
30063283143
30064320369
30066811271
30067670562
30069388679
30070765836
30072533488
30074289914
30075216144
30078080266
30080043959
30080560443
30081649158
30081938906
30085586784
30085710498
30087000753
30087569227
30087649223
30087822179
30089781591
30090633117
30091040649
30092326951
30092557650
30095734001
30097016414
30097037922
30097873491
30098173088
30098658818
30099056890
30100411069
30103623033
30103681509
30105100656
30107903677
30108218076
30108465990
30109535066
30109955753
30110885967
30112844067
30113170648
30114142648
30114938975
30115433475
30115892637
30119678313
30120187964
30120619905
30121203343
30123091912
30124595731
30125653175
30125694140
30127305127
30128195371
30128316649
30130720157
30131219068
30132604552
30134730877
30135310762
30135826381
30137620083
30140073178
30143384043
30145342380
30145591304
30146559766
30146572084
30147067836
30147761580
30148130594
30148199142
30148974323
30148991284
30150830972
30150862157
30150969039
30151650903
30153409413
30153907476
30155208487
30157737329
30158530325
30159648648
30160751253
30161061472
30161863296
30161954001
30162077223
30162159097
30162473810
30163084247
30163587829
30163640971
30164117839
30165280541
30165404168
30165550578
30166093278
30166324938
30166491809
30167118657
30167713662
30168283367
30174498896
30175572606
30175594794
30175839544
30179339360
30179600510
30181365440
30189731174
30190682670
30192075729
30193173053
30201335390
30202169571
30204202790
30205934991
30208988600
30211708504
30213229667
30214137645
30215119397
30216043381
30217292039
30218789939
30220830643
30226349632
30226885279
30227014345
30227619145
30228127134
30228962055
30229433545
30229456803
30230984565
30232583089
30232874506
30233191691
30233776970
30240865836
30242592530
30244850518
30245690904
30246316893
30247481846
30251195188
30251705569
30251825801
30252787427
30264425464
30268127580
30269201160
30269908630
30275078465
30275694319
30276040800
30280162506
30281825684
30284021508
30284958705
30287524774
30289867348
30290656515
30292743318
30293101220
30294483484
30295480675
30298864715
30299763815
30299789599
30300317714
30303060455
30306989592
30307814572
30312199285
30316522709
30322471754
30326553517
30326902708
30327737311
30331391636
30332080304
30334054560
30336315880
30341193171
30341323408
30341902358
30345187934
30350575476
30351500103
30352549862
30355300423
30358912747
30360315651
30364875206
30368903174
30370958694
30371699196
30372377398
30373621014
30374065892
30377386865
30377626064
30378181869
30383451622
30385937517
30388680258
30389711987
30390171533
30390384638
30391975743
30393471996
30398399103
30401072318
30401426817
30401715113
30405962850
30406884176
30407088140
30408095245
30410812417
30411059418
30412103190
30413818705
30413968436
30414677915
30415905508
30418375565
30419002824
30421128528
30425581973
30429484596
30429907352
30433145456
30433646981
30433789697
30435478067
30435646191
30435711579
30440417749
30442730813
30446355638
30448774919
30450556093
30451244258
30453801358
30454007087
30455408814
30457275826
30457759100
30458716136
30458829449
30459567359
30459922755
30460478410
30462130577
30464993387
30466705652
30468664469
30468878158
30471076179
30472914982
30473220752
30473421227
30476390368
30477497692
30477528898
30482504998
30482988989
30484209287
30486919887
30488177305
30488550828
30490186245
30501511875
30504588789
30504710495
30508399430
30508426057
30510468137
30513204404
30518338637
30524300880
30533606559
30534173220
30537394546
30539535489
30540051012
30540162494
30541611034
30543203170
30545220810
30545837095
30545852809
30546857657
30551347147
30551362230
30553510657
30554771395
30562432127
30563569016
30565043821
30568237208
30568901743
30570511909
30572539717
30573425198
30575134509
30576057385
30576064611
30578576313
30579898594
30580026380
30585628518
30586453520
30587589550
30588645423
30590213183
30590665087
30591218387
30591405190
30593269653
30598339648
30599391239
30600170702
30600216742
30600457323
30601520405
30602629818
30602655738
30603052179
30604120569
30604580298
30605926286
30606394353
30606982343
30607659567
30608028404
30608571115
30609939728
30613781828
30614011253
30615863831
30616643558
30616772683
30618348830
30623292206
30623312558
30624266792
30624423759
30624906287
30627281288
30628556126
30630178502
30631362899
30631542574
30633132188
30635647271
30636200933
30637377107
30638764469
30641711412
30641787120
30644626995
30644964776
30646643232
30648983101
30651590021
30652349217
30653763132
30655649567
30656141443
30658253075
30661413123
30668336501
30671328214
30673093878
30673142614
30673858864
30675456401
30678225855
30678467165
30679042983
30683371418
30683603596
30686538653
30692893233
30693235404
30695515160
30699727327
30704047893
30704193369
30704926187
30707407590
30707697705
30708531627
30710499441
30711956177
30719205500
30719429216
30722143056
30726633761
30731570894
30733642194
30733772291
30739166966
30741607879
30745422429
30746683167
30747010099
30750510725
30752596540
30757725055
30759671221
30759855878
30761157197
30764374782
30768872928
30769930178
30770601765
30770750799
30772435292
30775331366
30779016828
30783057146
30784086505
30784308029
30784477503
30788541629
30788751641
30790303476
30791174237
30791291892
30796137005
30797398790
30798725414
30798796008
30799104148
30801481384
30802469401
30803437950
30804052940
30809315003
30815041675
30815475290
30815562996
30815638618
30817496477
30818269946
30818922855
30819829580
30826788646
30826949836
30829552421
30830245181
30830297096
30830332887
30832610991
30833652775
30835498209
30837014637
30841182541
30842913699
30847314365
30849119687
30851276480
30852273671
30852969402
30855159712
30855464402
30856617145
30861292535
30861624360
30862629839
30865568417
30867014505
30869032550
30869952003
30870403502
30871965667
30874648274
30875218471
30876821698
30877024933
30882425851
30883784874
30890569828
30890747753
30895057925
30895159337
30896300827
30896725726
30896800414
30896905708
30897322928
30900247794
30904091984
30904827281
30909325486
30910176062
30910558263
30912996287
30913308861
30913448953
30913965889
30914154712
30921491012
30922354310
30925268004
30927431514
30927476107
30933975671
30934409485
30934739409
30935022742
30935347994
30936154323
30937756314
30939442188
30940235821
30948811923
30951820759
30952772277
30956876051
30959450819
30959979814
30963751098
30966219104
30967296490
30972312480
30972339479
30976129691
30978221004
30981496184
30983341613
30985350910
30993503225
30993579014
30996171084
30996602215
30997228582
30997934427
31000007518
31000348550
31000745077
31000871821
31001043956
31001442039
31001813403
31001882328
31002921995
31002931813
31003230082
31003925148
31008517729
31008548650
31009726827
31010120304
31010357153
31010999774
31012023636
31013253308
31014983452
31017062489
31018377546
31019028905
31019036762
31020000748
31023624348
31025292522
31025292586
31033015639
31034959440
31041106535
31041140410
31042998187
31043757163
31044859599
31048665207
31050205297
31052683606
31054025268
31054182095
31054296267
31054712208
31055902433
31059221877
31059459585
31059748205
31060566029
31065654584
31066466091
31068846319
31071134024
31071832654
31071991619
31073311801
31076218043
31076496332
31077930874
31078059248
31079904439
31080489685
31080722069
31081676271
31081739370
31081797652
31082283323
31083456700
31083638334
31084058114
31085950797
31087079581
31087735438
31088584766
31089327655
31090328955
31091122955
31091148837
31093377158
31093701083
31096498385
31096513414
31096919747
31098197490
31098858817
31099200864
31099461079
31099668461
31099697248
31100217165
31100686128
31103113239
31103641494
31108081925
31110126991
31111343287
31112577489
31113172651
31113384946
31113450724
31117719267
31117826187
31118194737
31118539149
31119868737
31120863789
31122341851
31122393702
31124088529
31126125037
31126626562
31126965428
31128107442
31128118215
31129500205
31129731951
31133277056
31133577253
31134759621
31135823513
31136052796
31136264784
31136762751
31136877927
31139782361
31140801427
31141968540
31143107448
31143914603
31144486975
31145846091
31150019551
31151129942
31151659077
31151924806
31152580744
31155117329
31155440903
31155795332
31156195461
31158135157
31159942159
31161311324
31162586717
31164237503
31164261803
31164423803
31164921721
31165180343
31167179590
31168531324
31169159829
31172623708
31174936410
31175063234
31176293791
31176874815
31181378717
31182183134
31182371054
31183602529
31184268117
31186186613
31186748391
31187784991
31191644706
31195859881
31203728200
31209049926
31210982991
31212707875
31214841993
31215548411
31219342807
31221565468
31221831570
31223376963
31224807909
31225169461
31233089948
31233979610
31239905926
31240210448
31243686379
31245326748
31249121566
31249953631
31250068413
31250270783
31252393318
31257254431
31258840648
31259855265
31263284896
31266182283
31268421172
31273060986
31274110040
31274929883
31276487594
31277683365
31279732390
31283348046
31286109093
31291918343
31296442080
31297247781
31297248591
31304723438
31306227171
31306230012
31306658744
31309274029
31318791600
31321248653
31323982619
31325610098
31326700710
31329660860
31331013117
31336540087
31336592019
31337915700
31343114490
31343934183
31344743616
31347074602
31350969724
31355287898
31355401634
31357657743
31358893814
31358910527
31361611904
31368059153
31368310372
31369253061
31372208211
31374118946
31377119683
31377578926
31379517230
31382679566
31388156722
31391454982
31392187578
31392348817
31394203642
31395104411
31396546135
31398434100
31399224675
31400380426
31403007710
31403662730
31404612638
31406670017
31406870567
31407236789
31408242745
31409379828
31409876855
31411813344
31412326899
31414658442
31416737307
31419107211
31422559943
31424265517
31424646746
31424669955
31424810502
31425316541
31426097424
31433107191
31435117492
31435338633
31436723328
31437520773
31439493889
31441348110
31441879507
31443635706
31445392850
31445537985
31447552747
31447568698
31447752137
31449987898
31451351674
31453879231
31456905088
31457453426
31457808654
31458200964
31458216964
31463932567
31464700566
31465094561
31465623621
31465686034
31466469449
31468420858
31469615538
31470370890
31472882641
31474322443
31476338009
31477028291
31478820508
31484475668
31485450121
31486205802
31487173665
31490586762
31498687961
31503599147
31508913892
31510148672
31510671009
31512081511
31513871422
31517367911
31517581977
31519865201
31520352647
31521774656
31524986959
31525925917
31528346813
31537758165
31539717636
31539823520
31541204332
31543456056
31544704202
31545166079
31545519687
31548363209
31552342037
31553421972
31553489823
31556289458
31557086018
31557871821
31559131560
31560789705
31560820480
31566505120
31567836716
31571059349
31572638871
31574453002
31575460139
31577196833
31577697537
31577805019
31578509730
31583611736
31585098982
31585764220
31587421825
31588023239
31588516907
31598655251
31599158941
31600135368
31600809747
31601199357
31601433502
31602742569
31603141662
31603761933
31603795802
31604065947
31604242015
31606847509
31607086448
31609675603
31611459962
31612340346
31614578699
31615518354
31617276600
31618947991
31619327859
31619424946
31620169719
31620692779
31624496081
31626595676
31629710181
31631220668
31631296457
31633717882
31637315870
31639855080
31641145609
31641941910
31647285393
31648845739
31648934613
31650257585
31652884437
31658003097
31660959246
31664575086
31665953361
31676589708
31678220028
31678766114
31680132864
31680463468
31682157114
31684910298
31688048799
31688610762
31689342386
31691359518
31691466082
31693536005
31702585254
31706254699
31706768634
31707029530
31707860066
31709356168
31712893244
31716089310
31716513285
31716876089
31717398345
31724690101
31726724043
31727059253
31729326119
31729723467
31731714749
31731832103
31734435923
31737486987
31739708915
31740377953
31741771170
31741797020
31742664065
31743327860
31749152775
31754289147
31756053220
31757005731
31760024304
31763695445
31765681533
31766310282
31768204834
31769089813
31770844769
31772332713
31775654415
31781179608
31782274340
31782881316
31784164377
31787749664
31792034424
31792073865
31792554660
31793134965
31799197605
31804561257
31804626089
31806235220
31806440489
31806913508
31807527083
31813464950
31813620832
31819134658
31819478525
31821435744
31821542696
31822583476
31822849653
31825818659
31831052200
31834308987
31834672818
31836219114
31836487715
31837321637
31840815653
31841368316
31845878704
31846329091
31846362512
31846877547
31850175851
31852539361
31852867373
31853864645
31854438325
31856085249
31858625339
31865408204
31866225413
31866339487
31868153887
31870024340
31871983017
31872637934
31876908346
31878829402
31880143470
31882498755
31884272774
31886363881
31886650913
31889956172
31890150566
31892339645
31892986808
31894308480
31896577489
31898679062
31901465170
31903245695
31904022928
31904827037
31906793852
31906808745
31910496745
31910592860
31911536094
31912489923
31914770770
31918092742
31919531464
31921920791
31922492084
31923043926
31923908493
31923927415
31930950428
31931217442
31931925986
31932731424
31944510719
31944598750
31947552453
31949093429
31950346332
31955334387
31955480765
31958925026
31960365832
31966885231
31972202756
31975275993
31977223482
31977593738
31979692783
31984733651
31988285544
31990612609
31995469579
32000016811
32000017685
32001781013
32001854026
32002521342
32003889156
32004249147
32004260860
32005425203
32006465124
32006824148
32008237242
32008507328
32008634590
32009508936
32009691570
32012369764
32017309242
32017484326
32023608531
32025023784
32025287736
32027698674
32028123908
32029740820
32030894330
32033799114
32035810209
32039179166
32045057892
32045170326
32045193599
32046809528
32047083184
32049028011
32050945151
32052414917
32052706884
32058142212
32058430069
32058735574
32060422129
32066162329
32066905931
32068215901
32068267816
32073505465
32075824986
32076997564
32082621092
32084480328
32084539550
32086592009
32088289100
32089123022
32089527460
32089603314
32091767455
32093426599
32095618519
32097248207
32098840192
32098850042
32098926905
32099252002
32099917503
32100815484
32101614760
32103482695
32104373631
32105000922
32105234326
32106824766
32106937740
32108796878
32109874811
32114494769
32115957090
32116803902
32117815138
32119437822
32122833158
32126516612
32127308856
32127678675