69229063453
69229890517
69234355895
69238418672
69241638654
69244048069
69245906393
69250165481
69251321065
69256179056
69259285223
69260399787
69260920640
69265199696
69266342710
69267667696
69268656593
69269170015
69271246697
69271550351
69271971993
69276657741
69276938082
69283023920
69287334664
69292755459
69296046781
69302106434
69305963794
69311474543
69314131705
69316643407
69316831165
69317980771
69320556263
69322643066
69322819171
69323135870
69323912946
69326018304
69326712517
69326815754
69330643210
69334050750
69337035481
69337295016
69337976604
69339587451
69343500485
69348678275
69353581330
69353709180
69353761312
69355650377
69356899381
69357269367
69363559520
69363947990
69364420091
69370311647
69372946205
69375348292
69376127145
69377461145
69379402828
69379739388
69380480652
69381194537
69386423601
69400427517
69400598562
69401481775
69401518841
69403398133
69403623400
69404786499
69405879492
69408740936
69411412430
69418275220
69419240405
69425121674
69425565252
69430305307
69432290833
69434479912
69437107304
69437400637
69437873661
69440573358
69441054617
69441517494
69446560079
69448550584
69448694159
69451807713
69454538590
69458144985
69459054600
69461662367
69462437294
69464573356
69465348364
69467549145
69469180118
69470097270
69470151821
69470382697
69471935478
69473416196
69473840615
69479440593
69487400825
69488955410
69491032212
69493874642
69493904650
69498316234
69498490297
69501381603
69501608499
69502015903
69503459198
69504150831
69505496214
69507392569
69507913367
69512965094
69514276970
69517663915
69517984605
69523367730
69527032451
69529535324
69529720797
69530627344
69531738464
69532433806
69533985976
69534044653
69536746991
69541812116
69543319989
69544800686
69544907649
69545469881
69546096373
69546559493
69551347803
69552813093
69553102209
69557309478
69558314430
69559953001
69561995226
69565061508
69565100345
69566168832
69567500915
69568106633
69569359514
69572518735
69573136317
69574822953
69576023012
69579751247
69580351635
69582786786
69583063882
69584612101
69588638853
69588787904
69588934859
69594521138
69595938735
69599310242
69600244117
69600540976
69601723960
69601845023
69601856843
69605982152
69606799517
69607232478
69608408091
69609832082
69609864557
69611876025
69614626542
69615176677
69616696632
69620173012
69620783627
69624515832
69627365180
69629334533
69630511010
69630583817
69635448364
69635513283
69639983862
69641543652
69641704842
69643202700
69643940615
69645976280
69648035813
69649149282
69649199658
69650509687
69655085388
69660439861
69665073191
69665372998
69667282379
69667887179
69668671233
69668734300
69669678138
69669689926
69669941680
69672827300
69673014695
69676372216
69677879949
69678476650
69679916376
69683318068
69684686920
69687883984
69688918004
69689161916
69695149922
69697426233
69697546949
69701270212
69702872203
69704114186
69707383799
69709169056
69710779822
69712405730
69717177413
69718923799
69721616963
69721711415
69722188337
69726150582
69726415128
69729062688
69729487587
69730945938
69735127245
69735157663
69736636928
69738998953
69739962119
69739965645
69740614720
69742181292
69744537107
69745870086
69752346835
69753794813
69757470339
69757742979
69758218649
69760115216
69761725064
69765047036
69765196038
69766052084
69768814125
69770153427
69770314649
69770965792
69772867154
69780477304
69785472536
69787278410
69787337156
69790910720
69791607578
69791983700
69792585097
69792879138
69793074311
69793125972
69793644351
69793909750
69795842540
69795869183
69799664195
69802495026
69807550684
69808199294
69813376901
69815335259
69817989624
69822925375
69825459633
69825774318
69830510679
69832133077
69835707802
69838771233
69838827236
69839629136
69840229524
69842338451
69845659424
69847745110
69850740905
69851272751
69852354506
69852868262
69854293414
69854919263
69855912037
69858601043
69859234009
69859556556
69860014023
69864621611
69865668799
69865940366
69867357105
69869909938
69871128394
69875786893
69880710257
69882184031
69884487401
69889153811
69893345889
69896634274
69897631384
69898989478
69899386870
69901131426
69901418015
69901510954
69902290801
69902825994
69903310710
69906404418
69911813193
69912120016
69914376189
69918329292
69918823036
69921640130
69921785918
69923772492
69924049825
69925229234
69925974439
69927255735
69927528138
69927592544
69931196293
69933248153
69933776845
69937481753
69942827369
69943710324
69944188088
69946637200
69948908547
69955755995
69956728660
69958208811
69961709021
69963149378
69963431680
69964596401
69967064816
69970786037
69973568641
69974819605
69976270402
69976821763
69976914265
69977310992
69977393137
69977915792
69982356612
69983440138
69984190808
69985177836
69985287203
69985649866
69987131869
69988302255
69988932101
69992163028
69996523474
70000379500
70000519246
70001220631
70001327626
70001543086
70002841090
70003158674
70003420666
70003683565
70004227810
70004245694
70004988966
70005572485
70006203227
70009857407
70010113685
70010629240
70011342321
70012812514
70026057353
70030205471
70030908330
70041159641
70048046498
70050652242
70051341087
70053079595
70053793297
70055508122
70058792029
70059331851
70059474567
70059936651
70062075218
70062798677
70063501191
70064251974
70064919986
70064972685
70065099100
70066591811
70067906392
70068034188
70069363776
70069954213
70072864067
70073856701
70074706542
70075337500
70077106156
70077725261
70078683534
70078765457
70079680676
70079767730
70081091955
70082032501
70084133667
70091364840
70092968532
70093090129
70094344619
70096714479
70097413995
70097807440
70098123124
70098753066
70099770987
70102326008
70104509854
70108750232
70108878799
70109848953
70110243466
70110635517
70112386424
70112440570
70114398458
70114578359
70115819247
70116392759
70116968853
70118218791
70118296643
70118833592
70121064802
70122522154
70124551328
70125264209
70127224085
70127425575
70128185852
70128783611
70130446977
70130963817
70132269974
70133834376
70134174128
70135146128
70135501281
70136214162
70136375988
70137155344
70138284252
70138313919
70139004158
70139074876
70139762383
70140886652
70141248231
70141400969
70142074431
70142288346
70143366230
70143844998
70145723119
70146400268
70147801590
70149061129
70149276675
70149318428
70149612183
70151140377
70152410841
70152591028
70152677449
70155462570
70156257180
70159119347
70162362576
70163841485
70164220204
70165789346
70166231202
70166603747
70169043467
70169650168
70171477404
70172899396
70182538148
70189697620
70190562818
70195016684
70195265284
70202167088
70205639337
70206791848
70207504076
70207802847
70209680163
70212256913
70213291170
70213595157
70218343200
70221907912
70223103968
70224755802
70226116175
70228646810
70229164745
70230818641
70233895949
70235174399
70237078364
70238503932
70238759703
70240612745
70241763118
70242780813
70243806791
70244601731
70245681952
70246229631
70248467088
70259751938
70265383663
70267395697
70267397140
70268223205
70272088459
70273700830
70273900301
70276355162
70277164514
70279932905
70280315441
70282132320
70282579844
70285198380
70285378443
70286536824
70290808834
70292316638
70294619490
70295170814
70299040152
70301065400
70302428737
70306593568
70308521310
70308733443
70309275608
70309539954
70311920302
70312012215
70315689280
70316073765
70317324616
70323186311
70325410236
70329300628
70330462044
70335511433
70347898110
70349217998
70352128615
70352700524
70356798503
70357310731
70360358695
70368774434
70371432951
70378475787
70379189284
70383544325
70383720856
70385416186
70386838276
70387367822
70388596473
70388610530
70388918998
70388962804
70394350567
70400394010
70406752628
70411073988
70412989153
70413542847
70413550672
70417973968
70418908309
70419710021
70420746258
70420955703
70421840423
70422859764
70424302326
70424702153
70429558605
70430144677
70437528297
70439342697
70440618069
70443739070
70446420596
70451863483
70454064291
70458594524
70459760843
70461446096
70462693761
70464897215
70468800756
70471038958
70472667615
70473588018
70477599435
70482638747
70487195656
70489131837
70489542211
70496228247
70500908362
70502165034
70503370762
70503975562
70504567030
70508263173
70509453722
70509921399
70511445571
70511760337
70513681312
70514947142
70515304492
70515563055
70515806249
70517042298
70521773325
70524256736
70530823973
70532305744
70535341554
70535990143
70536837548
70538178633
70539617355
70547050379
70548570366
70549189541
70550790614
70551789063
70556310203
70561909900
70563195003
70565891368
70566158706
70568272077
70571129249
70571440225
70573812995
70579566172
70585630377
70588023927
70590989440
70595662189
70597785513
70600409043
70600468022
70600538556
70601582209
70602186177
70602987208
70603677620
70603825434
70605172129
70605729382
70607186815
70608115680
70608515831
70609238351
70610984743
70613995411
70614051641
70622406175
70630430877
70630940459
70632126256
70632695783
70634196297
70635186134
70635647715
70639231242
70639571820
70639861346
70648320608
70649178565
70650425463
70651539305
70653824650
70653958505
70654239229
70655230027
70655357283
70656515745
70657825283
70660705896
70668960445
70672211321
70673398230
70675264054
70675482554
70676023030
70677697698
70680889946
70687032350
70690554181
70692483806
70693242620
70700928202
70700953263
70701664556
70704433946
70705223199
70712994485
70713175191
70713347235
70715902440
70717373027
70719110321
70721984562
70722935216
70723138466
70726532070
70728548958
70729369230
70729399793
70730187216
70734109349
70735446794
70735668826
70739037541
70741686273
70742476897
70745650688
70746229919
70750626556
70751063184
70751443765
70752477336
70753662366
70756541236
70757175978
70762064502
70763747412
70768107226
70772525420
70772606290
70774052950
70774568957
70775562202
70775720864
70782204180
70784979169
70785865844
70787305565
70788504911
70791709292
70793177110
70793830439
70794244948
70794376584
70796686003
70801268361
70803249248
70805967867
70806964913
70807885041
70808299857
70808968491
70810033042
70813639982
70819002258
70819639145
70821067709
70821416819
70823738382
70824066939
70824870276
70827099763
70827380240
70828113699
70830226897
70837491496
70838686257
70840258807
70841011260
70843351274
70843610442
70846961978
70848798001
70852261387
70852347906
70852430596
70853488235
70854493283
70855099082
70855118641
70858942219
70861002864
70861480818
70863312153
70863489915
70864052941
70864842199
70865796644
70868233556
70870535614
70873645021
70874009574
70876906156
70878260028
70879061890
70880566535
70881386304
70883473107
70887025281
70887661865
70891996288
70895257499
70896213629
70897986390
70905737436
70908124350
70917117164
70918990241
70919772959
70920565398
70923852212
70924568845
70924807040
70929025665
70929061516
70932199358
70935508257
70937763530
70937966898
70941121584
70941751543
70944741750
70948464747
70949828523
70950649954
70951919548
70951954508
70952533421
70953685764
70957910935
70961445316
70963234638
70972235132
70982013117
70985935051
70986392684
70987561644
70987569706
70987600530
70988097054
70989478098
70992365905
70993059977
70998573669
71000048699
71000089583
71000685754
71001460109
71002706256
71002822086
71003023765
71003531533
71004204308
71005479345
71006044234
71007807415
71008594616
71010275689
71010563256
71011845141
71012467609
71017109395
71019798978
71020846136
71024168108
71024230435
71028272001
71029176635
71032808826
71044646857
71045039470
71050057620
71055702035
71058285260
71058437491
71059213946
71060286456
71063758430
71068825801
71071387436
71072097725
71072944640
71074533638
71076884069
71078719173
71078972552
71079817981
71080849575
71081310287
71081921422
71082798397
71083871167
71084703043
71085677041
71085951631
71087585962
71088079290
71089016886
71090105267
71092965485
71093426014
71094768993
71094832023
71095572794
71097577636
71098971209
71100360056
71101552144
71101641276
71102334636
71103326076
71103602222
71103790665
71107527131
71108236755
71109074295
71112756361
71113424794
71119399306
71120631046
71121239674
71122105570
71122222566
71122790187
71124895868
71125966543
71128462191
71128838187
71129039785
71130923932
71134833732
71135651977
71136956137
71136997279
71137341238
71138285784
71142069645
71144763149
71144929340
71145634466
71146457874
71146517366
71147859185
71149533542
71151740252
71153214970
71154970537
71156196828
71156349594
71156406656
71157371863
71157667411
71157726238
71159338106
71160405103
71160962096
71161529906
71162378057
71162450379
71163430091
71163607443
71164205261
71165446672
71166864151
71168239147
71168476100
71168539263
71169126907
71169705582
71171043027
71171492339
71172524797
71172917739
71173019097
71173062319
71174672086
71174918661
71177131171
71177183135
71179407988
71183946499
71185148383
71186150116
71186482400
71190991572
71192478796
71195872594
71195903542
71196551687
71202607544
71203742770
71206001838
71210887904
71211380654
71212143177
71214969424
71221193011
71223787877
71229585723
71230191478
71231221318
71235102412
71236885524
71237482726
71240445733
71243649855
71247068671
71249246469
71250598570
71252252617
71256484996
71256758113
71257069110
71257592283
71258220578
71258653270
71267532317
71268512368
71272156547
71272208841
71273171526
71274600253
71274627960
71276271439
71280760783
71281766571
71283230899
71283622594
71284737359
71285913609
71286178155
71286720887
71291202083
71291421604
71292801450
71294832195
71298280781
71300145320
71304040156
71304261199
71304386933
71307839083
71310428151
71320785577
71321890709
71326189778
71326910247
71332147502
71332796155
71334951808
71335914574
71336262507
71337003614
71337472366
71340020388
71340769746
71345625858
71345803783
71347043413
71349830579
71352853343
71353318240
71354012804
71354268413
71355487263
71359795496
71361004001
71361917405
71364278922
71365129816
71365612431
71371720289
71374670655
71375299712
71376687690
71377664151
71380078690
71380263133
71382336678
71384615722
71385314142
71385818291
71388373193
71390501420
71391629625
71392719237
71394087052
71395955646
71401492606
71403799103
71404830951
71404901199
71405588506
71406294167
71407335714
71409081264
71412093724
71413943159
71416474906
71416864883
71420632776
71422446976
71422835113
71424495300
71424742015
71426903656
71428764188
71430966599
71432693293
71432778985
71436525646
71436550643
71438653397
71440196587
71441362793
71447537558
71448549600
71448628931
71450205925
71450215839
71451134266
71451986980
71457395674
71457597893
71458719150
71459172253
71463312401
71463442675
71463644894
71465427979
71466807987
71469976486
71474796915
71475688757
71479801506
71480152414
71483131027
71484746377
71484948596
71487484804
71487794947
71488481914
71488593014
71494242936
71500859318
71502819388
71504096645
71504963130
71506796186
71508729430
71510417810
71510461663
71518238559
71519174126
71519343254
71522972054
71524308737
71527803169
71528559812
71531245129
71531585464
71534481619
71537155429
71539327617
71540159320
71541874581
71542744186
71544060668
71546389758
71550637523
71551149059
71553906532
71554039749
71554105365
71559486320
71563927959
71565059535
71567791250
71568083794
71569375561
71573481316
71574378628
71574566467
71576688964
71578082564
71581014456
71582009908
71582095293
71586105490
71591284031
71592450382
71595091754
71595544058
71600532821
71601805860
71601862042
71602326274
71602489688
71602528493
71603013386
71603543553
71604789095
71604922670
71605762122
71606183019
71606200909
71606244061
71606295328
71606334052
71606931097
71609848479
71612215483
71613850959
71614128827
71614958046
71615878848
71616242198
71617349878
71619845192
71620611344
71621320968
71625611933
71625704435
71626141338
71626368467
71630621772
71630809929
71633002611
71633984714
71634060659
71635482604
71636105116
71636804556
71637657448
71643380255
71643468313
71644037764
71644239983
71644504292
71644940277
71645321582
71647179484
71649037257
71653430735
71653663167
71654641647
71659195700
71660859461
71661881794
71673742560
71676762558
71683150893
71683872431
71686651848
71688394380
71688591598
71689886006
71693922911
71703139501
71703319547
71710494975
71712137968
71714394942
71717093009
71718804307
71720441862
71720817858
71721145801
71723781546
71725432364
71725807437
71727535022
71727587018
71728513615
71730196686
71730437953
71730586761
71734050122
71737196679
71738084974
71739494353
71744375035
71745924090
71753884651
71756527314
71766845056
71769500436
71771148645
71774790071
71775892411
71778231183
71782439214
71782886938
71785107872
71785721782
71787239268
71789300206
71791497438
71793001155
71794384101
71795420274
71796076061
71797989199
71798504036
71798524621
71799501227
71800492990
71800687115
71802588390
71807354803
71811531546
71817704254
71822576080
71824382623
71825355465
71825535366
71826672180
71830022345
71836316353
71836556156
71837373365
71842507912
71845250653
71845524962
71846606636
71849954177
71850244292
71850471670
71851326047
71853048523
71857306849
71864290475
71870338216
71870961004
71872745914
71873605605
71883665940
71885150567
71887339646
71887383499
71890031249
71890590943
71890785840
71894874731
71897731379
71906837377
71907449543
71918486420
71919237635
71920576392
71920703924
71921441802
71921607268
71923462697
71925635744
71927975613
71928524140
71929882434
71930582533
71932296973
71942745504
71945913830
71947677324
71949016394
71954826729
71959546399
71961331898
71961595381
71966424925
71968162618
71974177192
71976369112
71978009626
71979619393
71980158739
71981365910
71984737254
71986587337
71990533204
71991933942
71994477984
71998878542
72000415127
72000623745
72001396285
72002880864
72002898759
72003044899
72003073185
72004819130
72005223087
72005946789
72006864504
72008948579
72009486873
72010228789
72010410527
72010545883
72010655606
72011025317
72012103152
72015268324
72019462579
72021647722
72022068150
72030561388
72037460472
72037474901
72038783936
72039391474
72042673551
72050653417
72052230363
72055402447
72056006577
72057691540
72058169169
72058446125
72058829217
72058966361
72059198398
72060340132
72065130240
72066857127
72066901440
72067591360
72070475311
72070512560
72071910631
72072869271
72074002029
72074354028
72076896035
72079134060
72080561544
72081069301
72081081003
72081102052
72082670552
72083136809
72083144747
72086542109
72087134656
72089653341
72091956322
72092430361
72092550883
72092899075
72094504846
72094964575
72096826701
72096999754
72098540132
72099135627
72101890340
72102528042
72102593484
72103273193
72104251673
72104553620
72106081992
72106364407
72106566577
72106934285
72108583893
72108752023
72109070180
72110488554
72113406374
72113529230
72116604184
72117050014
72117732606
72119033261
72119058301
72120213701
72120235004
72120774258
72121091654
72121295493
72122935835
72123328674
72124633179
72127542241
72128232107
72128375725
72130433546
72130566299
72131045695
72132266457
72134520817
72138356739
72138705768
72138953396
72139034585
72140180212
72140236134
72141157520
72142300937
72142686869
72143552701
72143854631
72145145954
72145513711
72146630102
72147318920
72148849550
72150020518
72150621786
72151059073
72151597598
72152031386
72152961623
72153223604
72153966552
72154210670
72154425331
72155160988
72155694638
72155714958
72157669672
72157745170
72157920940
72159284558
72160175137
72162995104
72163036106
72163047958
72163263467
72163665012
72163717613
72163847823
72165828160
72166175202
72167389915
72167545473
72167603232
72168544397
72169035376
72169605708
72169864028
72170732477
72172147547
72174535082
72175383956
72175823835
72176084126
72177430297
72177846092
72180300883
72182315364
72184756850
72185509572
72187534216
72188196709
72189829388
72191895380
72194116945
72195369551
72196255130
72196374923
72196400384
72198038166
72199314980
72200526766
72200742275
72202745335
72202877197
72205458586
72212139137
72212822464
72214044225
72214469043
72214865905
72215798631
72218710414
72223945762
72225671985
72226625037
72228675331
72228734045
72231469210
72237016770
72238177089
72239429765
72240697566
72240858918
72241386153
72241711244
72244929859
72244971591
72246194518
72249244087
72249925594
72250859178
72251184593
72252761755
72256864896
72260474127
72264607389
72265108056
72266871815
72270402335
72273036142
72274550269
72276312441
72281552282
72283128623
72284486723
72289788259
72289976098
72290414157
72295590446
72300620783
72301353428
72305097400
72305817068
72306037539
72310605329
72312020405
72314559490
72317064566
72319709756
72319715961
72319850745
72322981320
72325378061
72326007409
72327657719
72329163498
72331215018
72334768385
72339054231
72341247700
72341750224
72342539563
72343759321
72344192692
72345452340
72347198980
72347439200
72348477452
72354522914
72358178903
72359495795
72362649476
72363270801
72363815957
72365379803
72365738697
72366132531
72368044741
72370546285
72376424321
72378068372
72378450886
72380436434
72381074471
72382006365
72383461714
72385562929
72385631105
72390311376
72390978956
72392215729
72392730576
72393134124
72396338197
72396882912
72398520629
72405365096
72407784377
72410266331
72412032589
72412514405
72412710182
72413927617
72416843790
72418425434
72419187282
72422457117
72422880547
72422961498
72424188260
72427124305
72430259523
72432216116
72434953446
72435855219
72442749566
72451442319
72456671663
72456906612
72459287925
72460698691
72462277581
72470529008
72471441554
72472070924
72474891733
72480288449
72483595912
72484066095
72485986152
72486957374
72487351240
72488926597
72490582027
72493704912
72500192919
72500761987
72502577694
72503167574
72503584703
72504757016
72505830897
72507412153
72509152869
72516009282
72517343363
72517409103
72517799765
72520491449
72520616643
72522716773
72527286075
72529715924
72534628789
72534746143
72542216233
72544824276
72548307519
72553103637
72558425483
72563160608
72567129662
72572454235
72577324678
72582209745
72584762563
72584795686
72595962331
72596217103
72596891930
72598610340
72599063437
72599668237
72600810213
72600922748
72601891212
72602872186
72603281242
72603614508
72604181071
72605719720
72606507515
72606802242
72607351486
72609663621
72611108617
72611706246
72615217995
72615238262
72617505047
72618612652
72620153045
72625822430
72626519418
72632374104
72632427353
72635074028
72637359173
72638070779
72640803482
72642868113
72643038240
72645947727
72646615902
72646763851
72647037253
72647195133
72647684335
72649411892
72652162549
72652461823
72655495764
72658242804
72662454226
72662632151
72665649438
72673720964
72673863599
72674124495
72675673205
72678295736
72679932115
72680419329
72681465293
72682519459
72684318130
72685598982
72687375593
72690645315
72693413797
72696056482
72698970349
72698974815
72700201397
72704515571
72709182122
72709743301
72709931140
72710565768
72710653945
72713194154
72715383514
72718278367
72719358033
72720759499
72722906745
72723785606
72728050974
72728375066
72730502515
72732097734
72733048258
72733204059
72734458797
72736165004
72737780603
72740064964
72740244865
72742990992
72743313211
72745323544
72746320816
72746361700
72746966500
72747944995
72749248340
72750285668
72752673284
72757784050
72757927533
72761703283
72762191178
72763957902
72764433917
72765529598
72772402929
72776857794
72778150873
72778330855
72781321596
72782734663
72783974217
72783982010
72790058834
72790188963
72793379726
72794297181
72796801944
72801392511
72801591317
72807289186
72807492658
72814149843
72819609896
72823907843
72824938822
72825132428
72828031591
72828839663
72832984859
72838473404
72838675704
72839635089
72842527880
72842621441
72846285724
72847375336
72850599767
72851565374
72852636162
72856752107
72857901141
72858465494
72858874393
72859205872
72862145227
72863671677
72863788198
72867562540
72867597283
72867817268
72869698498
72872721408
72875735634
72875840902
72882348544
72885653404
72886690733
72889452590
72891190105
72891642808
72894384151
72895586153
72895788372
72896564633
72897538479
72898026672
72899384821
72906517059
72907491063
72907827855
72908618129
72908832984
72911443323
72913712581
72914096035
72914778627
72915423706
72920573588
72920663272
72923767796
72925210277
72926016869
72929213756
72929492774
72931572962
72933095681
72933882251
72942597429
72943633619
72943983610
72948480794
72951224815
72951538279
72953615055
72956607044
72956949355
72960803805
72962825090
72963908945
72964419283
72969084165
72969316360
72969406707
72969443206
72972869856
72975294548
72976207456
72976280772
72977638262
72978770156
72978928829
72983997615
72984948992
72990421293
72992408153
72994649153
72996492001
73000509982
73000580825
73001286399
73001384345
73002882046
73003130630
73004331886
73006117094
73008593815
73010630047
73011035420
73011389314
73013791655
73014528258
73015809527
73017944568
73019590424
73020133647
73022675735
73023590954
73023866851
73027741940
73030034407
73031625512
73033423744
73033923282
73034073300
73034991229
73040127374
73046941127
73049181344
73049221266
73049439340
73049570899
73051680070
73051793658
73052275501
73052470630
73053100351
73057997869
73058889679
73062253874
73064788834
73065010521
73066497998
73068989953
73069174487
73070586404
73072091535
73074199727
73074433855
73075343485
73076491072
73076671086
73082362945
73087550213
73087786365
73088112261
73088313670
73090234450
73091901441
73093448616
73094304711
73094529156
73095200204
73096592269
73096628331
73097317112
73098895526
73101081014
73102282157
73102375723
73103326021
73103326085
73104198752
73104285136
73108555979
73108864973
73109038600
73109074240
73109840430
73112839184
73113874780
73114778335
73115456230
73116306346
73117095329
73117857642
73120842265
73122259036
73123700868
73124018761
73124326043
73125135314
73125850873
73127699978
73127889454
73129207033
73132759525
73134573682
73134658246
73135620370
73135890834
73136673893
73137639737
73138308899
73139292866
73139913456
73141187677
73141315776
73141394082
73142480260
73142682916
73143506594
73144999084
73148154498
73148533994
73150207794
73150930310
73152410412
73154029321
73154390575
73154425038
73155791076
73156432602
73158968355
73159303161
73159701643
73161346407
73161761511
73161872993
73162014759
73162431370
73164421054
73164735906
73166101480
73167278944
73167485575
73168278420
73168604466
73168690337
73168965311
73169105408
73169350412
73174053892
73180232691
73180671187
73183496877
73187217230
73187462622
73187948049
73188473048
73189181668
73189963907
73194629598
73195185842
73195258968
73197417748
73203862092
73204129543
73205768259
73211744882
73214384429
73214793134
73218714150
73220344884
73221472048
73228052175
73230680512
73238967811
73239812506
73240689028
73242646361
73243234847
73245714268
73247337843
73247349377
73247578181
73247840367
73248712381
73254938683
73262471160
73264747977
73266272565
73266854075
73274436523
73275849686
73279749572
73280654731
73283508604
73284289082
73292353593
73294378005
73296966414
73298295127
73310402698
73311050779
73311292138
73312209495
73313946189
73315096794
73319511586
73324996523
73327140302
73328273853
73328550841
73328855363
73329231586
73334256826
73345509811
73346214581
73347579901
73350422844
73361266276
73362892292
73365249138
73365738308
73370385591
73376116908
73378847839
73379652288
73381691776
73382297575
73382311632
73388740343
73391042460
73391478164
73392443236
73393583996
73393726319
73394878387
73398906340
73398958336
73400891962
73402194836
73402987394
73403493876
73404212390
73408678659
73410594984
73411794076
73412361843
73413550324
73415515751
73415814349
73418250635
73418570321
73418859933
73421675428
73423283732
73423544697
73423709176
73424380698
73424576535
73425963897
73426113343
73426201601
73427261269
73430550587
73435209605
73435425114
73440041250
73440268816
73450469805
73452556608
73457985455
73462318971
73464089868
73464410235
73470086952
73474839212
73476069088
73476077318
73477193897
73477235230
73479353649
73479958449
73480251469
73482667764
73485864796
73490291268
73492313806
73496600337
73500315876
73500536968
73501219011
73503917013
73504356907
73504400188
73506224206
73506628644
73508659357
73509288727
73509734811
73510629984
73512245648
73516538233
73517799052
73521240169
73522479291
73523769583
73524504702
73526639688
73528313964
73534715669
73538102253
73538659144
73543836491
73547053250
73548175224
73549301405
73553382087
73554389894
73563634722
73564659302
73568544369
73569399670
73570706303
73576119559
73576716265
73577248629
73579537506
73584575079
73586519079
73587697084
73589597841
73591401592
73594835571
73595568216
73601151222
73601657185
73602346047
73602851304
73603409976
73603488606
73605055945
73605268711
73605388056
73606621012
73607896275
73608224098
73613678967
73616203943
73618342273
73618392649
73627520658
73628819498
73629696464
73630950571
73632865486
73635882391
73636897170
73638163583
73639088646
73639952959
73640293985
73642566937
73644813813
73647678739
73650652282
73652976145
73653915054
73655152043
73655338062
73656127989
73662118610
73667057590
73670539526
73671503739
73671969473
73671987649
73678437534
73679206343
73680370048
73682230424
73687639695
73688384863
73690960172
73692668294
73693025887
73693060685
73694408293
73697270763
73699559602
73700229363
73703569047
73706966727
73707113726
73707510108
73709828457
73710361216
73711601100
73714372633
73714713805
73717474134
73719758550
73721213191
73721445105
73722982085
73723512095
73724253904
73724397155
73724808441
73725578826
73726118524
73727315024
73730547749
73732704391
73734074344
73735992732
73737517017
73738289843
73740472372
73742791910
73744113036
73744631571
73748242146
73750458969
73751327538
73751628496
73753715122
73754363299
73755334376
73764857389
73768600616
73773120718
73779911915
73782218163
73782976857
73783306042
73783319450
73783547670
73785606884
73787591719
73790372994
73790492405
73791642588
73792880198
73794432277
73794518715
73794652284
73796809195
73797097393
73797110802
73797529221
73797860219
73810248191
73812431514
73813255877
73818179759
73819659527
73821821595
73822336642
73823664469
73829117163
73832465622
73835974515
73836243818
73836940041
73837149814
73837676050
73841628487
73843186279
73844026110
73844943003
73845815405
73846428558
73846632533
73849561374
73850146598
73855712390
73857430756
73859507477
73860682889
73860920549
73861250031
73861380241
73862054986
73866037848
73866893149
73869843056
73872200647
73872401975
73873126132
73873992669
73876446101
73876837131
73877964532
73879413438
73879960566
73881755779
73885107614
73886431813
73890511469
73891695899
73892306796
73894397266
73894514948
73896849034
73902294091
73903012296
73904270685
73904943207
73905964174
73905976998
73906214621
73906886451
73909265766
73910514252
73912933452
73914234689
73914270184
73915089105
73915272845
73916075523
73916914758
73916952003
73917156095
73919856862
73920810772
73926417036
73926475237
73926920462
73927245920
73930623274
73930681588
73936118406
73936616469
73938115218
73942623548
73948372658
73948757419
73950771786
73951959095
73952483252
73958697458
73959675938
73959831658
73961863905
73962064245
73962114951
73963654847
73967006390
73967710647
73967833454
73968462743
73975566588
73976914251
73978612885
73978624436
73978956752
73979959980
73980913890
73981646535
73986927465
73987027171
73990825568
73991950993
73992548854
73993033747
73995144181
73997423532
73997917961
73998326066
74001469469
74001481107
74001569099
74001614384
74002526007
74002721217
74002725779
74002743535
74002807525
74002899578
74003099125
74005126107
74005305117
74006927563
74007185569
74008507344
74008665175
74008735613
74008890884
74009669569
74012185430
74013281829
74014891677
74015023448
74017388065
74019404210
74020490360
74023634693
74025015009
74025074922
74026476297
74029337509
74030243122
74030848003
74034461607
74038118994
74040260921
74041246188
74043711596
74044171838
74050073423
74050611295
74050662368
74051182680
74052124375
74053534029
74053816050
74055174452
74055670895
74055943298
74059932446
74060854479
74062855725
74063064197
74064393866
74068343605
74068758654
74077259787
74081402290
74084095496
74084208060
74084379687
74087118497
74087822366
74087933784
74091976046
74092029678
74092095915
74092525750
74093522860
74095397853
74096906964
74096911312
74097484656
74098031595
74098830957
74099853755
74102567848
74102732301
74103781100
74104272305
74105304989
74107817130
74109644149
74109923998
74111663873
74114737898
74115105650
74115486517
74116106275
74116939538
74118106856
74118940854
74119396123
74121263545
74125947499
74127928209
74128076185
74128757692
74130061317
74130745060
74131709429
74132052745
74132232565
74132544345
74134656107
74136130863
74136502022
74139825662
74140224899
74140993914
74143040331
74143616764
74144510556
74144621974
74144673857
74146375441
74146423819
74146701180
74146912665
74150890046
74151256123
74151259988
74152022485
74153291534
74156239766
74156394973
74158948315
74158998399
74159924900
74161123208
74161614900
74162782347
74163388146
74164220286
74165323549
74167203220
74168349326
74168383378
74172612400
74173375414
74176970491
74178402274
74181564578
74181873702
74183598721
74184313319
74186851762
74188747966
74189245139
74190898522
74193767461
74195503237
74197007196
74197473616
74199651058
74200528719
74203625490
74206527650
74206681064
74209055773
74209110972
74210149688
74213001721
74213794964
74219186503
74220112969
74221208473
74226231294
74228299451
74228930155
74230501620
74235343643
74237360089
74237853676
74238128920
74243069342
74245457233
74247074673
74248156428
74248240139
74248890602
74249679941
74250964504
74251035875
74251940025
74252955964
74255817694
74257661578
74259641073
74260573118
74261922800
74262768466
74263035680
74264019231
74265205378
74265380010
74265832713
74266438512
74269049174
74271918842
74274870207
74281732516
74283279529
74283627522
74283799765
74287551998
74290011472
74290463263
74299138142
74303580025
74307157433
74310115439
74317972477
74319280859
74324738170
74324953176
74328537923
74328729100
74330298517
74331433252
74342808541
74351515657
74353630870
74355785605
74357745481
74358215178
74360470256
74361988617
74365854715
74368258471
74368498080
74369084865
74370795990
74375908322
74376564341
74386546359
74386685479
74387611931
74390346226
74391642868
74396427323
74397607892
74407271133
74411771395
74413700367
74415093367
74416990215
74418770190
74418818174
74421946270
74421970877
74422669097
74423852524
74427105473
74428164429
74428471560
74432232244
74432549526
74432719658
74433540081
74436935860
74437633907
74438059643
74438681491
74439575326
74440526395
74442021693
74448434140
74455027723
74455250667
74455256591
74457992032
74458848379
74461245931
74462300783
74468172781
74471866705
74472159801
74472437825
74473184596
74475082443
74480833588
74481074407
74486213689
74488522055
74489511308
74489791023
74489975503
74491312726
74494378754
74495787193
74495809619
74498170159
74498323168
74500594375
74503776147
74503852854
74504946964
74505724651
74505904633
74508597839
74511092143
74512499037
74513984458
74515120192
74518170706
74521334992
74523998175
74524745681
74529001060
74529483576
74530337511
74531636713
74533443774
74541488575
74542767079
74542918323
74545661064
74552649047
74554394851
74559523285
74565289108
74572168071
74573186851
74573514291
74575994284
74576747023
74577483345
74580649688
74582496019
74583042067
74583504070
74584065993
74584490158
74585311310
74585767663
74589417075
74589473769
74590596953
74593372456
74593391086
74594327365
74594659762
74596703948
74599315130
74600688435
74601640984
74603131746
74604134910
74605441067
74606221632
74607243620
74608587398
74608911566
74609081218
74610814396
74611302670
74613195677
74615132361
74615246452
74616312239
74620255724
74622585856
74625089421
74627214607
74628995581
74630348740
74632266415
74632397160
74632558512
74633926148
74635809733
74639918307
74641902143
74645329198
74646798927
74648077377
74648725842
74649779047
74650885372
74653209980
74659167714
74659535454
74659564981
74662065985
74662925504
74663596600
74664019592
74665754698
74667946618
74669651107
74670511456
74673356473
74674215629
74674319757
74675042170
74675587753