51501644798
51503984635
51505538366
51506392042
51511822514
51512570306
51515930099
51517864531
51522198365
51523498507
51523920393
51525614201
51525884599
51528362476
51529677597
51531107177
51532709168
51533706359
51533924665
51534558198
51537246637
51537403022
51539289722
51540929739
51542208189
51543276925
51543927884
51544077902
51547249937
51548120326
51549272411
51552432410
51558007698
51558024806
51560125244
51563299245
51563515585
51565397836
51568324485
51568558019
51569405317
51576219393
51578447228
51580469706
51586291916
51589492011
51596143287
51596287845
51596790369
51597291036
51599739040
51600521521
51600973457
51601224908
51601595343
51603200871
51603320378
51603460082
51604038422
51604341362
51604440619
51605879082
51605975602
51606393551
51607194641
51607702338
51608186388
51608867895
51609191340
51609445113
51609868343
51610388799
51612152840
51613637159
51614507553
51615324843
51622481080
51622739707
51623395645
51623732044
51626296801
51627395274
51628892052
51629089001
51633869005
51634785002
51634942903
51635341239
51636542043
51637810049
51638037254
51643598962
51647020192
51648094095
51650141548
51651729008
51654880821
51656883913
51659940740
51660768327
51661073238
51663629134
51664672943
51668435410
51670826745
51671747148
51674313202
51676074168
51678183095
51680132150
51681031557
51683082887
51683134215
51685329563
51685332404
51685345795
51686272501
51686793854
51686917287
51687112460
51688731687
51688921050
51689657253
51693097544
51696211546
51701160084
51701386597
51707690849
51708190495
51711938284
51714226702
51715490183
51717291990
51717783801
51718769149
51721430313
51723718082
51724115911
51726998387
51729570985
51731508214
51732119828
51732917009
51736154417
51740754277
51742721573
51742843958
51744708578
51746985267
51747308727
51748431161
51749419242
51750450113
51751529027
51752587800
51754285063
51756659939
51758576060
51759252610
51760595012
51760884969
51762144789
51765429653
51767690342
51768492517
51771644286
51772793892
51772978103
51774671299
51775569212
51775821386
51776150284
51780536385
51782034162
51782591528
51785204658
51785659894
51786464392
51788552199
51792354976
51796080345
51796515876
51797851383
51797954912
51798104486
51798590297
51807710401
51808381755
51809774188
51810339584
51815805038
51816200793
51817849078
51818189732
51820177100
51822832517
51829596131
51829647986
51832806209
51838756372
51839853323
51840065288
51846045800
51847195152
51847482199
51847928051
51848107589
51848288614
51849717567
51850896155
51852577440
51853159446
51856422418
51856560421
51857060180
51857468150
51859267516
51862273728
51867717161
51874557562
51874696682
51878382058
51882348261
51882822629
51885775376
51890134893
51890372931
51891055296
51892236854
51893477105
51894227348
51898414249
51903243668
51903763953
51905096036
51908175618
51908363457
51908602910
51910474986
51912320129
51913576455
51914348018
51918711224
51919061937
51922993639
51923097794
51925884864
51926476364
51926573370
51928472334
51928864061
51929043599
51934682604
51935618802
51940820438
51943541450
51943584374
51946305170
51948302144
51952262897
51954371873
51958668054
51966266798
51969314813
51972455398
51973585359
51974422775
51975204058
51977259854
51980437786
51983210714
51985238522
51985506713
51988485461
51989937672
51991093547
51991832651
51993022519
51993647968
51994456883
51995739691
51997540796
51998793677
52000003930
52000173231
52000399744
52000726536
52001250595
52002555964
52002705302
52003732009
52003827227
52003974285
52004391360
52006119964
52007387026
52007832170
52008445485
52008552341
52009645916
52009675076
52010674805
52012413800
52014108708
52014732063
52018962790
52019285564
52025314470
52025344067
52026417620
52028511745
52029252247
52033400284
52033468135
52035469607
52036580571
52037932088
52039246605
52049098548
52049850407
52050721092
52050880025
52051350462
52053755276
52054050467
52054708646
52055769028
52060813541
52061152547
52062160187
52062711808
52064505148
52064576563
52064728794
52066776291
52068753550
52069025445
52070149601
52072147061
52072709519
52073411601
52074919950
52074941679
52076104203
52076781848
52077110368
52078202939
52079795993
52079910765
52080617841
52081388810
52084439496
52086070405
52086091670
52088622995
52089723267
52090773470
52091551739
52093597141
52093718112
52095360824
52096255177
52097381623
52097540129
52098530851
52098639515
52099612476
52099723830
52100601518
52100775236
52103570190
52105212422
52105681061
52106069876
52109391552
52110531756
52112428625
52114174175
52114400301
52115250778
52117668710
52121918353
52122547804
52124283585
52125800958
52128778745
52130206575
52131807562
52132436932
52133086601
52133714383
52134395636
52137211931
52137665180
52137722323
52139446370
52139621206
52144687070
52146609961
52147861023
52148859952
52149783309
52152869317
52153931427
52154689641
52159380065
52160063203
52160202960
52160906936
52161035041
52161440764
52163672660
52164214091
52164910167
52165413776
52165528839
52165914303
52167454339
52167462213
52167636811
52167714123
52168091647
52168913646
52168972576
52169544523
52169633461
52171715463
52175225193
52176238401
52176678786
52183381774
52184968505
52185919882
52189353299
52191287455
52192406427
52193528126
52195511735
52199195151
52199828597
52202439178
52205332709
52206213552
52206857761
52207939516
52209073025
52209804287
52209978054
52213372942
52214374539
52218001725
52218428050
52233117086
52234063906
52239669911
52240667442
52244650649
52246644718
52248410443
52249165195
52254544006
52257277810
52257665120
52258440748
52262017492
52262371473
52263493091
52263704279
52264172378
52267505507
52270258362
52273244297
52276722913
52276883255
52277405052
52279398721
52282358428
52282695124
52282839174
52284100215
52285386219
52285690790
52285774738
52286974796
52291953456
52293537735
52300944909
52305732139
52310673350
52311232098
52312264951
52314531768
52314568035
52321336983
52331501436
52332307947
52332794261
52336433256
52340232183
52343125497
52344074391
52346322465
52347443629
52348092245
52349516592
52352183625
52352240363
52354087573
52356704052
52357178657
52358554167
52358995040
52359395606
52361199616
52366891184
52368069205
52368663383
52373048863
52374521929
52379917372
52380995778
52381381350
52384403816
52384635276
52387964010
52389155735
52404737299
52404964483
52406138972
52409908540
52413168994
52414465173
52414838513
52417600813
52419465843
52419670903
52420780937
52421191807
52423049024
52425929805
52426331560
52426416124
52431288031
52431812894
52432690896
52432809966
52434460298
52434547659
52434879975
52435794034
52435980366
52437297377
52439167554
52440015548
52440245469
52440709060
52440926976
52443439564
52443474605
52445402475
52446760769
52447488420
52452854691
52456986523
52459162679
52459377308
52463220936
52463585021
52464439392
52464751340
52468024134
52468269407
52472114380
52476362010
52480902275
52484077388
52485005799
52485450242
52487403508
52487808530
52490586932
52491216766
52498013342
52500511905
52502944178
52504031080
52505265250
52507944848
52508175736
52513669075
52514835475
52515296478
52519140307
52526420312
52527229479
52527945833
52528430726
52529043798
52529299537
52532096208
52532262695
52537240740
52542034217
52543233659
52543644065
52545384604
52546508722
52547578159
52551005502
52551335021
52553424702
52559512106
52561327904
52561495649
52562036238
52562982513
52563152721
52566266965
52568518134
52571653552
52574203551
52575668678
52578407343
52578484417
52586823691
52586910011
52594085767
52599089532
52600430233
52601128901
52601226911
52602790670
52602823496
52602941319
52603728650
52604428317
52604430088
52606907975
52607186167
52607470170
52607631522
52607849692
52609689893
52610716720
52611035994
52613066562
52614126965
52616274529
52618227164
52624459784
52631176137
52632620141
52633644137
52637980942
52639393166
52639583851
52641454481
52642299516
52643192093
52645093903
52645128042
52650269176
52650841085
52652376645
52653671236
52654148682
52654163057
52654595278
52655006834
52656980270
52660842765
52661661562
52661741897
52664196824
52667246393
52669063434
52670889686
52672801654
52674162503
52677671234
52678116723
52683257857
52684828296
52685141243
52687265716
52687290696
52687951699
52691394194
52695181155
52696182795
52701877964
52702492922
52705446619
52705706322
52707904543
52708012511
52709916400
52710295010
52710429728
52711496153
52713853976
52718251148
52718365126
52722064568
52722799433
52723156864
52723478639
52723933746
52730046875
52732688642
52742627687
52749520766
52752358266
52755439387
52756107562
52765377968
52765919065
52766280589
52767326203
52769432651
52770209278
52771895051
52775898611
52780565587
52784576940
52785348373
52785570718
52785918462
52787051355
52791098115
52793744040
52793899629
52798321576
52799632167
52800855385
52803610363
52806527939
52808150505
52815449166
52816750011
52816906821
52819002480
52838806753
52839547255
52840564868
52841975025
52849453668
52853557085
52853598050
52856191254
52859023937
52859056979
52859767695
52863378864
52864947570
52869620304
52871912495
52873017599
52873078279
52873158081
52875915974
52877550155
52877882471
52877974050
52879027384
52879436332
52880952916
52883240108
52884638864
52889344171
52893852889
52894662857
52896658497
52897896011
52902502453
52902636308
52903453517
52907085244
52907525010
52907609875
52909810905
52911446322
52916367725
52918498149
52918576363
52919229536
52920908493
52922678273
52923028382
52923494947
52924798199
52928948537
52930448673
52931137616
52933755121
52934605075
52934986763
52936206477
52937910048
52938278074
52938890445
52944818743
52945927066
52948089069
52948975636
52952918694
52953690899
52954034383
52955879978
52957089962
52960484311
52960554958
52963844202
52971681470
52972493478
52974232441
52978566556
52978826502
52981085186
52983668217
52986463220
52989968511
52993435041
52993971590
53000551575
53001164470
53001862102
53002522241
53003930096
53004034575
53004466700
53004706012
53005191185
53005882623
53007789131
53008502930
53009481485
53009931408
53011008065
53011512350
53013369604
53013567357
53014069881
53019154138
53023608684
53023617594
53026955464
53030576466
53032039445
53032134976
53033171258
53034768869
53035141146
53036061948
53037804043
53037926428
53040362163
53040457818
53041230116
53041893149
53044527868
53047344110
53049033834
53051309793
53055134289
53055764022
53056102936
53056656026
53062114001
53064519975
53065089616
53065712058
53066257668
53066805132
53069134481
53069445370
53075648350
53076043365
53079346469
53080592886
53082132335
53084101639
53084390264
53085018408
53085682257
53086346830
53086672013
53088413129
53089423598
53090265200
53092046341
53092877999
53093705296
53094407809
53094639237
53096268147
53096517190
53097994068
53099049941
53100288538
53101360336
53102466963
53102732276
53103247355
53103492440
53103579752
53104348610
53105583935
53106385899
53107038684
53107592087
53107630357
53107747893
53108186401
53108602357
53108604992
53109450811
53110123003
53112468389
53112628575
53112764218
53113693380
53113758455
53114887589
53115772051
53116032719
53117840337
53124431831
53124921811
53127455069
53127804179
53128213267
53128919620
53129596083
53129945517
53130812994
53131329774
53131345910
53131733284
53135077574
53136792884
53137349716
53137537636
53138471647
53138691735
53138850209
53139076636
53139485373
53139726979
53142528877
53144533595
53144630731
53144975440
53146092408
53147455212
53149073656
53149249810
53150698516
53151211586
53151707765
53153605531
53155794043
53156021377
53156305487
53157576156
53158002972
53158078680
53160334384
53160539195
53160838906
53161985602
53162042674
53163015420
53164826920
53164987488
53165246926
53165898058
53168673653
53168684151
53168938118
53168960361
53169150608
53169280737
53169310696
53169431770
53170174680
53171388201
53172472580
53172991072
53173739431
53179941045
53180854217
53183094434
53187318497
53188579090
53189662983
53190864726
53192183719
53197003835
53199343704