64030034809
64032721650
64035038557
64039732416
64041380906
64041653309
64041749030
64042106493
64047048389
64048275324
64051257042
64051369496
64051621849
64051680521
64053383254
64054215388
64058664184
64058920986
64060878065
64064625935
64066939786
64070947143
64071142768
64071456249
64071927243
64072842511
64073889586
64076316390
64077692472
64078455044
64079458272
64081738238
64082321109
64083901748
64085000120
64085204379
64085727288
64087665192
64088106151
64088399937
64090027044
64091876047
64092836658
64095716338
64102943304
64103662535
64104006439
64105009522
64105232321
64106265114
64107521375
64107890433
64107957047
64108219962
64109298132
64110146126
64110452899
64113079708
64113301125
64115409204
64120172899
64121758496
64122353884
64122588309
64122901704
64124068023
64126479187
64126687935
64126800682
64127467210
64128367459
64129184749
64129336803
64130694352
64131507824
64133197397
64133656149
64133765753
64135470404
64135762533
64136688244
64137104244
64137590249
64141539442
64142154658
64146004524
64150537764
64151383598
64152192918
64152568477
64153197685
64154058429
64154210634
64155715538
64156291173
64157413671
64157617802
64157865462
64158190024
64158638029
64159616298
64159869413
64160358609
64161283192
64161967728
64162498651
64162967204
64163954658
64164127539
64165778497
64166306887
64167249819
64167393044
64167814244
64167980305
64169929677
64170698605
64173169175
64175250762
64176884840
64178399734
64178841497
64180955667
64182215455
64185114910
64186579988
64188130135
64190020653
64193169625
64196066315
64196268647
64202044962
64203427530
64203475028
64203903469
64205590467
64205657017
64210378302
64214940427
64216780628
64217141235
64217895890
64218906004
64221537105
64226440483
64227529328
64228629562
64231550519
64235766909
64239176879
64239344069
64241210374
64243606101
64245469575
64248334146
64248534907
64255361625
64255612676
64258347328
64259833284
64266796848
64267981846
64269959472
64270990311
64271221209
64274398623
64275776930
64276541467
64276869102
64276873896
64277626603
64277871671
64282037760
64282712328
64288687919
64289880710
64290546821
64295478641
64297572798
64297734572
64298589052
64299117636
64305374173
64308876985
64311064207
64312904711
64313765799
64314438348
64318435402
64318449652
64324279260
64331635345
64335416792
64335570110
64340083067
64340947099
64342341795
64343611276
64344565721
64345181715
64347932821
64351835023
64357361502
64361787935
64368125818
64369972877
64375118953
64376208484
64379540010
64379831523
64381109832
64386407902
64387214408
64388980516
64390015609
64392130854
64397103617
64397266530
64399138602
64399865631
64401261930
64405075647
64406421916
64407070532
64408272615
64409988729
64421748342
64426216048
64426238140
64427846481
64429559113
64431676960
64433244143
64434435647
64435545989
64435998300
64441008031
64450357768
64452299187
64452851818
64454243274
64455713548
64458719917
64460516837
64461352676
64461752697
64465119560
64465610695
64467420252
64468950298
64469334050
64472238844
64473551336
64474562858
64474651651
64482394473
64483864747
64485290628
64486400302
64486416253
64493185536
64493941795
64497560082
64497727390
64497967210
64503474895
64506543192
64508937331
64509864165
64512879249
64513221070
64514652426
64515850832
64522415617
64524175321
64526113186
64528269778
64528634894
64528788076
64533169107
64536107625
64536981955
64538838556
64540921374
64541198793
64542188630
64542751710
64543404785
64543634674
64544187418
64546863761
64549949175
64552025167
64554889770
64556978080
64557531742
64561908901
64563483799
64566803132
64567007467
64567769143
64571062301
64571633458
64572301633
64574307349
64578765087
64579315876
64589855262
64594242562
64595798507
64595954178
64599174382
64603362319
64603377347
64604805183
64605020184
64606107215
64606906091
64607052933
64607715588
64608364398
64609743839
64609914717
64612603447
64615116067
64619759306
64621590101
64624182084
64624731955
64625192732
64625383131
64627300584
64632282052
64634409754
64636490493
64639044056
64641104755
64642082468
64643880221
64647351913
64648228527
64652810460
64656989827
64658551632
64659102199
64659744805
64669067197
64673095478
64675722903
64678789660
64679495807
64680414789
64680842448
64686605398
64687980282
64688119030
64693614831
64694622665
64696359122
64696474336
64696690941
64696734201
64698702533
64699466163
64701785392
64704364097
64705012864
64709350355
64709735148
64715686088
64715901441
64716010396
64719275247
64719795483
64720373715
64721375890
64733011729
64734770434
64736020809
64736959513
64737673161
64737810639
64740345188
64741121417
64742810613
64745893813
64748150743
64756776050
64760229420
64760406810
64760663704
64762440298
64764139090
64764964647
64767826377
64772954892
64773294450
64775246550
64779180876
64780729472
64781737080
64785168963
64786814301
64787681724
64787816864
64788268812
64788909036
64790901198
64791750575
64792057004
64793981936
64796139846
64796481099
64798228156
64798875238
64802043510
64803573556
64804241731
64804988324
64806162996
64806247447
64806579925
64809173551
64809656516
64810207758
64817559281
64818208005
64818379050
64819537512
64819545725
64821188545
64823197874
64823275267
64828217817
64831331597
64831878704
64833897979
64840215758
64841723179
64842230083
64843854716
64843862654
64845253494
64850560215
64854672266
64855779590
64856945990
64857534077
64863905537
64866145754
64872306814
64873379632
64876701318
64881147186
64890678429
64891675539
64894757195
64895926074
64900265643
64901288586
64901786602
64905327376
64909611332
64910709696
64912167551
64912354887
64915914104
64919835594
64921207464
64922167389
64923258924
64923973436
64924935699
64928419445
64933181138
64936045714
64936155339
64937149657
64939210190
64939411810
64946869274
64948966780
64952262675
64952474744
64954437310
64954683382
64955031984
64965114233
64965761315
64968162803
64968975319
64970147330
64970652732
64973192050
64974139021
64974653414
64975933743
64977515144
64977569856
64980081477
64983422431
64984070512
64986939418
64988733860
64997484484
65000029541
65000919817
65001562509
65002630462
65003487965
65003693641
65004617467
65004874248
65006308440
65006685856
65007430484
65007655059
65007825127
65008512158
65008656522
65009105677
65009646342
65010549907
65010813131
65010877531
65010894541
65015261451
65022381351
65023265336
65025300369
65025534594
65025867995
65026282241
65027549011
65029363411
65030720047
65031615658
65031878250
65035982612
65038965642
65041052132
65043285064
65046955147
65047849803
65051137468
65060061903
65060686305
65069482829
65070261871
65071426278
65072065142
65073088215
65075524047
65075617726
65075981152
65077943247
65078425122
65079135394
65081461914
65081674582
65084243292
65087310082
65089387230
65090409822
65092996799
65095505705
65098853327
65099200731
65101458524
65101997584
65103326049
65104033471
65104084350
65104710787
65104882772
65105964527
65106130188
65106188125
65107055219
65112735841
65113488007
65114015182
65114782948
65115853736
65116612712
65117488570
65119727847
65119738070
65119850692
65120540137
65121658428
65122689132
65124411543
65124813378
65124826722
65125097974
65125742945
65127605832
65128120981
65128994258
65129595651
65130421408
65130430205
65130753805
65131198559
65132692600
65134119841
65134550388
65135353228
65138605259
65139032248
65139293365
65139765589
65141126703
65141391454
65142746271
65143213231
65143504744
65144562421
65145026928
65146261801
65146610911
65148087454
65148818571
65151150421
65152244838
65152955667
65153085872
65153551752
65154796808
65155287657
65155339870
65158161106
65158242089
65158434443
65158691418
65159208867
65159324697
65159815455
65160325771
65160858837
65161778123
65161801299
65162406418
65162431528
65162482407
65164622459
65164645523
65164725713
65164808333
65165020855
65168260553
65168687509
65169205823
65170027049
65174780885
65175035512
65176767745
65177462650
65182343251
65184977338
65187065059
65188231459
65189977927
65192837260
65194843225
65196994121
65197296579
65197447936
65200668712
65201324628
65202550704
65202967599
65203291125
65204015173
65204071916
65204201441
65208496606
65208698825
65209509289
65210427662
65212635927
65212830911
65214485767
65216579272
65217939953
65219875416
65220065884
65220388194
65221546575
65223445539
65229228993
65231425870
65233714892
65235801695
65239123667
65239946692
65243376054
65246961654
65247826798
65249865353
65253946770
65255301187
65255899188
65256832994
65257183438
65257371358
65258538417
65258819854
65259313738
65261008933
65262337344
65263579420
65264236227
65265922782
65268033842
65268969214
65269974230
65270391304
65270669079
65271149398
65271602885
65272192047
65280104845
65281357726
65282972116
65285416005
65287379158
65290649733
65291102377
65291969153
65304329272
65305682032
65306230056
65306587282
65308263566
65313893450
65315710339
65315912558
65315972315
65316459756
65316924600
65321126749
65321646985
65323033457
65325982824
65328781423
65331893383
65331932350
65337097034
65338783670
65339301082
65340042566
65340647366
65341603609
65343681556
65344880966
65345684535
65349968274
65351390364
65352274204
65352871055
65354698825
65354907988
65359120902
65361655488
65362069901
65362759141
65362915168
65368858559
65370717574
65370893161
65371926979
65373340149
65374022574
65376978982
65384727761
65385645540
65389470036
65391948312
65392045927
65392160721
65394329085
65397700883
65398374846
65398492200
65399539027
65399649360
65399832279
65402648654
65411031053
65412054207
65412445205
65413945492
65422854650
65423679953
65427829146
65428256199
65431414352
65431633856
65436670944
65437076112
65438757434
65440352199
65441192585
65442506535
65447212004
65448311622
65450656393
65451763064
65452386148
65453527325
65453571178
65455270251
65457830088
65460500124
65463433819
65466344290
65467615790
65470868831
65475228451
65475468254
65476175983
65477003410
65477488518
65479290126
65481568963
65483979048
65489531069
65491575590
65492718969
65497359438
65497434207
65497589246
65498993699
65499820203
65500272149
65502259009
65508228731
65509677939
65515755910
65516908653
65517418375
65518373943
65520946816
65521641640
65523042475
65526974615
65527301385
65530562364
65531591674
65533143834
65533218548
65533693699
65535645541
65535885263
65538322175
65538449674
65541814846
65542596200
65542743268
65542918919
65544164624
65544907437
65545895772
65550605328
65554216675
65560665663
65561718776
65563910928
65569030663
65571805836
65574357720
65577024553
65578119699
65580058235
65580367374
65581325205
65583591072
65586428950
65588313598
65591388164
65593890427
65593976492
65595247102
65595286624
65596981155
65597674240
65601394272
65601662382
65602401982
65603038011
65603188049
65603493867
65603724269
65603858751
65604377577
65605082332
65606169233
65606482249
65607630473
65607631300
65608012976
65608200751
65609790829
65610507102
65612096235
65615500778
65616720487
65618157811
65619078359
65624784950
65625008445
65626469782
65627142450
65628491947
65629128839
65634155494
65634308908
65640425418
65643932092
65645346271
65645516371
65646089570
65650875007
65653159644
65653218326
65653625605
65662419483
65664638052
65665091236
65665970577
65671353783
65671631905
65674019817
65675609016
65680959659
65689607620
65692477584
65693598603
65695490509
65696187930
65696453243
65699257489
65700715581
65703099616
65703992215
65706393686
65706410416
65706750670
65708132794
65711753656
65712033425
65714402718
65716563172
65720215186
65720346304
65725030291
65726681622
65729461510
65731060660
65732537862
65734129339
65734151631
65737679035
65737953576
65738940691
65743889288
65745796126
65749051991
65750941241
65753939849
65753950385
65754869870
65756326957
65756809340
65760125884
65761409713
65762153039
65762490750
65764484851
65768428336
65778505352
65780637310
65782289736
65782724113
65785933937
65787021924
65787051133
65787145848
65787695455
65789170023
65790943776
65794390424
65797750202
65798573917
65799602736
65800900836
65803125889
65803896330
65807851867
65808794524
65810779051
65810828158
65811760355
65812012503
65815174985
65817959026
65819110457
65820813725
65823342432
65823694738
65823767638
65827016138
65827431161
65828760781
65833763848
65835841240
65837364509
65837552348
65840211837
65840343603
65841086966
65841700385
65846851613
65846851645
65849969033
65851571056
65854926422
65857481437
65862152766
65863009390
65864059274
65872063327
65873018317
65874279055
65874989268
65879136992
65882250870
65884757258
65885522390
65885855019
65889598100
65890539805
65890862428
65891648209
65893763341
65894579847
65897481770
65900718330
65900721348
65901794247
65905599875
65906348035
65906613779
65908166965
65910278338
65911786968
65912440957
65918443371
65921635732
65922124108
65924537988
65924844121
65926282907
65926560543
65936053359
65937021925
65937941329
65938216556
65942391895
65943080838
65945589522
65946597194
65946672044
65948264261
65948388121
65950190711
65951155647
65952890284
65956854322
65958540100
65959035916
65959157751
65959819645
65961774364
65962066876
65962251319
65964133851
65965873088
65966825373
65968639541
65969248213
65969417422
65970326128
65970402835
65970402916
65970751146
65972092231
65972660764
65977241525
65979686445
65981213031
65981372881
65984567127
65985031090
65985448051
65986569134
65987508188
65987915467
65991563199
65991714394
65993189366
65995036366
65995984261
65996228535
65996543139
66000972029
66001032757
66001280628
66001846840
66001998385
66002999108
66003248566
66003986061
66004639347
66006418610
66007318746
66007973685
66009417019
66009528081
66010101005
66010113603
66010458312
66010643866
66010842414
66010904622
66017393488
66020002957
66020004577
66020020713
66021021289
66022983347
66023772886
66025175245
66026153725
66028168206
66028189390
66028387386
66030355201
66031912631
66037756057
66039034810
66039891179
66040026087
66043615219
66044029566
66046690357
66048147790
66051403213
66054841873
66056449188
66060725783
66064327448
66066739358
66068657854
66068837561
66077162719
66078054092
66078062273
66078372465
66078602089
66081511069
66081899847
66084470539
66084674071
66084979900
66085287467
66085654397
66085742849
66085848808
66086317064
66086356586
66088081773
66089145433
66089906034
66090478179
66092619960
66092814349
66095541841
66099052656
66099527246
66101088321
66101186476
66105568161
66105796511
66106085367
66106276830
66107227354
66108031236
66108637893
66110418662
66112058200
66112890561
66113794148
66114027649
66116161654
66117974580
66118006866
66118376879
66119279074
66119808166
66120447850
66121519949
66121646277
66121974063
66124203421
66124224993
66124813955
66126204957
66126481178
66127417263
66128994560
66129175686
66129926503
66131591841
66133016528
66133941278
66133972361
66134430362
66135131741
66135493929
66135775982
66136370274
66137626627
66142484348
66143095461
66143512357
66144335684
66145179585
66145749836
66145997400
66146021705
66146102543
66146341568
66147322414
66147372272
66148951086
66149403752
66149780861
66150395618
66150950242
66151058155
66151162370
66151346995
66152107979
66152672912
66153329244
66157395368
66157631327
66159109334
66161855153
66162347023
66162602691
66163887740
66164357162
66164901725
66165269670
66165711919
66167203216
66167217547
66167361079
66167624713
66167768158
66168021429
66169788309
66171146701
66181464588
66184196616
66184935833
66185542917
66186758009
66187335479
66191356406
66197796824
66198807887
66201173848
66201291202
66201803299
66202837934
66203426842
66205580675
66205957255
66206234432
66207570408
66211804866
66213597887
66214160930
66216483691
66216491840
66219017878
66219253940
66219790252
66223431768
66228384017
66234670913
66236089287
66238520956
66238954733
66239071611
66240156373
66242772290
66243475451
66246586990
66249336686
66255982472
66257862612
66259743464
66261841602
66264753659
66265342567
66267070314
66269944291
66270816579
66274848150
66276325773
66280100988
66281697736
66281979017
66282628464
66282992408
66284093754
66287651302
66288906585
66289037811
66290181671
66295669518
66297352687
66301622014
66302951602
66303191432
66304129719
66304825164
66305059934
66306279788
66313029675
66313201595
66317739372
66319356910
66321656203
66324246534
66326081297
66327267148
66329859861
66332072144
66334126801
66334643737
66334970664
66336424733
66338565039
66339772274
66340119445
66340261389
66341126405
66342708600
66345261978
66348279817
66348288501
66348949649
66350669873
66350683244
66356112096
66357338409
66359097367
66362133523
66364590032
66369145952
66370251618
66372838580
66376390754
66376801057
66384457625
66387924436
66388539177
66389389445
66390130250
66390558129
66391969220
66396212513
66400283702
66404639595
66405367915
66405694923
66407250410
66410172911
66410344631
66410501468
66410605564
66411060336
66412349375
66416034988
66420137806
66421086796
66423882776
66424609384
66425242211
66425322497
66425435471
66428151531
66430909613
66432718618
66433027833
66436203163
66436424110
66437268205
66440575488
66441652918
66442072180
66442463291
66446277089
66447147500
66448752266
66448929569
66458306303
66460921021
66461861538
66466315485
66469310121
66471091445
66473342883
66474626906
66476940989
66478266846
66481875850
66481988148
66483504495
66484048216
66492752195
66494960185
66496603178
66502756677
66503606454
66503763281
66516562944
66517978748
66518759880
66519027407
66522864550
66528329198
66528332039
66533568020
66536689473
66538806397
66542691131
66544022312
66548400934
66550037436
66557281623
66560443436
66561241821
66567109920
66571237782
66571806014
66573105437
66577897354
66578347110
66580184588
66581261630
66582675701
66583165934
66583550652
66584801535
66585094960
66587052638
66587240477
66591235403
66592667245
66595732609
66596355062
66596603958
66596678662
66599489972
66601126587
66601592796
66601770932
66601868580
66602966503
66605035658
66605541482
66605658246
66605813205
66607353079
66609513733
66612684640
66613774252
66615417245
66618558123
66618876140
66620196650
66624618370
66626158310
66626567192
66628533985
66632606336
66636003994
66639566245
66644175609
66646261327
66647041988
66647590915
66649233908
66650442487
66651071857
66654676390
66658517540
66660282945
66661411362
66661626104
66661702811
66662360806
66662740950
66670129872
66673126160
66676232391
66677308681
66681774486
66682442661
66682487335
66688254017
66689870151
66695621809
66697273621
66699860011
66703682600
66704105722
66705875539
66707144043
66707642187
66709220186
66712869614
66716610993
66718653031
66721820514
66724718780
66727156059
66730910528
66736475892
66737633096
66744565012
66745884782
66749344735
66749734810
66750934673
66751245783
66755070279
66757259358
66758574615
66759188465
66760784883
66763306359
66767476579
66770014768
66773150144
66773701473
66774138257
66776905612
66779973848
66781089029
66782093122
66782162927
66783720860
66787698511
66788245757
66789035993
66791296287
66792038366
66795348502
66797270858
66799614928
66800736416
66801616805
66801857062
66802612975
66803062013
66804192119
66805815980
66811051787
66812043325
66812882712
66814330808
66817169539
66817662036
66821129737
66822314686
66824410367
66826692170
66833133257
66833644600
66834367508
66835958532
66836070215
66839486131
66843729823
66843923127
66848762639
66850123542
66852809680
66856972038
66865167251
66868106822
66868395803
66873191840
66874706216
66876266756
66883287755
66885974871
66890188377
66892297385
66901436296
66902406838
66903991026
66908524709
66908550241
66911469982
66913194348
66914180540
66915454826
66915821481
66916056159
66918124025
66919143453
66921659183
66924018670
66927028899
66927131063
66929441610
66930593483
66930856409
66932024311
66935523192
66936309086
66936494986
66938073795
66941793300
66943166401
66944230131
66945567926
66946419210
66948873466
66949682818
66950437641
66951242608
66961053053
66967359885
66968924368
66975201091
66975404331
66976076738
66976906675
66977612434
66979058700
66979451663
66988958476
66990837255
66996161402
67000413927
67001268051
67001692566
67001899208
67002250133
67002598594
67003352181
67003539366
67004140025
67004508936
67005698281
67005940590
67005999806
67006943078
67008392023
67008539955
67008559331
67009264182
67009876466
67011031780
67011036267
67012382978
67015767472
67016873252
67019153391
67021814473
67022631682
67023752814
67025355480
67026946941
67027112570
67028901946
67029736630
67029948731
67030597120
67035907587
67036131515
67040366033
67041823784
67041899492
67044058849
67044718622
67047589753
67048543118
67051201603
67054869018
67054953582
67060585631
67061014105
67061915570
67062231254
67062940512
67064208232
67064578326
67064811725
67064978347
67068437166
67068991827
67070825845
67071180906
67072164052
67072299764
67073529058
67075711198
67075914519
67077551448
67079838181
67081197328
67081874288
67083874756
67084526876
67085330726
67086405850
67087784669
67088936263
67089024936
67090422375
67091255908
67092759371
67095303414
67095850849
67095974191
67096090372
67096091619
67096202433
67097197069
67097643153
67098256387
67099326608
67099684812
67100867924
67101410333
67103096385
67104334681
67107193506
67107436150
67107484695
67108821941
67109739633
67110865560
67113817637
67114530718
67116770390
67117468237
67118772947
67120144817
67121523772
67121568171
67121948671
67122151236
67122571874
67124488232
67124700349
67126724868
67127047303
67128888157
67129698157
67129801378
67130361876
67130907552
67131567248
67131752657
67133212995
67133837301
67134023822
67137872229
67139615722
67139788711
67140287627
67140857441
67141120383
67141669093
67141763895
67143178965
67143218710
67143353413
67143549508
67146981905
67147135864
67147707929
67148822619
67149402568
67149662988
67151431159
67153244323
67153291751
67153380851
67153961551
67154013439
67154635168
67154796817
67155901134
67156342648
67157037402
67157476832
67157717116
67158164835
67159574133
67160278875
67160957715
67161330105
67161760738
67161830965
67162349171
67163052613
67163686940
67163689807
67163721699
67163819332
67164278666
67164776714
67164878013
67167541282
67168178827
67169658708
67169851861
67171549810
67181592433
67186865506
67189307596
67190905683
67192579348
67200305047
67201954272
67202763705
67206234058
67208214681
67211932711
67212797169
67221084468
67223811636
67224665257
67225246259
67225842349
67231357272
67231950900
67235176352
67238241716
67238398230
67240620178
67242595752
67243192792
67245483839
67254137642
67255169495
67255633917
67255641774
67255781834
67259865023
67265116382
67268268227
67269622385
67273545221
67273609469
67276693534
67280168077
67289842761
67291009733
67296891624
67309414698
67310968052
67311825264
67312578445
67314499597
67314721338
67317466838
67319930227
67320709344
67320816296
67321939016
67327135927
67337833943
67340098730
67343639607
67343755405
67344953843
67347506385
67347781229
67349266332
67350416062
67350530385
67352381020
67353098819
67358609179
67358820589
67361523522
67363806307
67363880627
67364886366
67366453786
67366727950
67366998128
67370232096
67374528595
67378107019
67381870759
67382374920
67384383379
67385398045
67387585817
67387757488
67389740920
67390593649
67394714104
67398426021
67402898235
67403225135
67404034406
67405235468
67405982148
67406257456
67408352101
67411096709
67413037955
67413765924
67414039326
67418191958
67419486349
67419921660
67420752039
67424663858
67425051438
67425807514
67426476941
67428550255
67430449596
67430908235
67431254175
67434132348
67435256989
67437204171
67440823477
67442423924
67442539554
67443212286
67443724584
67445152053
67446602531
67448501414
67449738159
67450051926
67452629125
67459512516
67465679910
67468479464
67469637926
67470166019
67471300219
67472645758
67473829552
67475142427
67475478096
67476925016
67478717864
67481138290
67483541571
67486046415
67486469500
67486797512
67487755358
67488660744
67488780219
67495188005
67498919081
67499690395
67499776752
67500407121
67500814432
67505165714
67505353553
67506904714
67507322550
67508658439
67512661292
67517857976
67518487028
67522193534
67525716122
67527205215
67530795982
67530963285
67531434662
67532278757
67532516417
67534710993
67536034085
67537996143
67545533209
67546299280
67548289077
67548947294
67549544545
67551936400
67558355612
67558704722
67561712586
67562754419
67563148117
67563668353
67566596627
67570086366
67573919001
67575837755
67581162355
67581751236
67585029289
67586086237
67586578997
67587137180
67587889556
67588769913
67597027410
67600114864
67600304809
67600518223
67600779421
67601005832
67601964451
67602797660
67603949480
67604987911
67605348776
67606464212
67606570629
67606845667
67607107648
67607978026
67608645487
67609292613
67610079862
67610098541
67611391657
67614527551
67616021024
67616702531
67616946832
67618106007
67618701157
67620963276
67624416760
67628761492
67631399651
67635635352
67636528166
67636731250
67637013059
67638503918
67639399297
67639909678
67640923426
67642073950
67642421203
67643287599
67643531383
67644837675
67647611445
67648029405
67648676406
67649441683
67654169188
67660149181
67663634217
67667825454
67668378117
67668414362
67669167656
67671652407
67677472586
67679363143
67679691236
67679712253
67680045599
67680118548
67681455993
67683128276
67683193686
67688394718
67691946606
67694146361
67694961955
67699816944
67700247075
67701510562
67707387047
67707812945
67711867481
67715294721
67716279065
67718107241
67719824608
67721003973
67721520813
67722717096
67729095576
67729601378
67729729768
67731996316
67732207418
67733695340
67736341842
67736746011
67740132912
67743734226
67747590965
67747855042
67750768778
67752132781
67754563370
67754968942
67755060974
67755372722
67757001303
67759496211
67766531525
67770126477
67770807984
67774615212
67775262272
67782799214
67783169891
67786314187
67786892560
67786923621
67792199334
67793244579
67796715775
67798680733
67799887028
67801062122
67801186046
67801227955
67803982026
67807833911
67808562943
67810370280
67812037567
67812996429
67813021011
67822863045
67823512816
67825675327
67825800947
67825947967
67828152296
67829318400
67833677042
67841147051
67844732651
67845485864
67846755458
67848685569
67849344785
67852185045
67860764301
67864341860
67864922560
67867915909
67872746706
67875157590
67875284436
67877348570
67879632090
67881262792
67882164646
67883037696
67884174802
67890461719
67892838556
67895426026
67897706138
67898864622
67900351722
67904260906
67909557868
67910511697
67912779244
67912893567
67917591951
67920400810
67922470900
67922492316
67924779518
67926994474
67929575944
67929832428
67931778069
67932189922
67933298164
67933716966
67934420894
67934668727
67935659244
67947174933
67954498672
67957212540
67957751794
67964567863
67971283212
67971699152
67972525217
67972713056
67974629732
67979314821
67982802896
67985667726
67987762386
67990068099
67995337512
68000499883
68000509517
68001720403
68002162452
68002456331
68002561631
68003160647
68003420657
68003537178
68003977160
68004380437
68004844222
68005488684
68007611911
68008621252
68008839746
68009942821
68010553965
68011063817
68011074347
68013181703
68013567095
68014887741
68020606762
68021676248
68024312787
68027680109
68031424393
68035078681
68037026364
68041152768
68046084588
68049461619
68051439984
68052518840
68053873284
68056806311
68057953152
68058541476
68058740024
68063924768
68063926518
68065391501
68067085388
68067118890
68067508338
68068358395
68068648019
68071488241
68073292921
68074535461
68075780410
68075860713
68076467629
68078167576
68079628390
68080095290
68081932511
68083438559
68084592577
68085198457
68087265351
68088388086
68089369013
68090485608
68091189304
68091455551
68092388746
68093124513
68094769347
68095169412
68095542886
68097381004
68098153452
68098501752
68100304309
68100902921
68102500522
68103573421
68104882456
68105907722
68107046846
68107249956
68108089327
68111238585
68112393430
68112489684
68114558716
68115270695
68118941281
68120295935
68122527291
68124429009
68124455750
68124681303
68124834538
68125428835
68125848345
68127643921
68128012773
68128918855
68132394867
68132688908
68135339347
68135454367
68136059437
68136442567
68137050348
68138284081
68138974886
68139453348
68140243438
68141202851
68142643490
68145075321
68147697631
68147976433
68149790833
68150380518
68153260970
68153641120
68155014366
68156305323
68156526415
68157719296
68157850452
68159428251
68159910719
68160698962
68160707818
68161601092
68164166821
68164484017
68165425561
68165581902
68166005979
68170865099
68171657053
68178948301
68180228511
68181413460
68182536195
68182570232
68184259594
68184565305
68184569948
68185772815
68187155749
68191629914
68192141294
68192219858
68193465180
68194454514
68195761492
68199417459
68199688264
68200754904
68202703235
68202853981
68204591674
68205686724
68206776417
68209527938
68215848336
68217832949
68218940187
68219202136
68219373343
68220832293
68224545619
68226135941
68226872820
68228265280
68228296864
68234010351
68234851827
68235089805
68240041837
68241775432
68244176920
68245813363
68247593057
68247789007
68248082092
68248261232
68248339828
68250388793
68253640058
68263031123
68265695628
68266880270
68268052237
68269750230
68269979448
68272356285
68273987933
68274255249
68275349278
68286375819
68287881539
68289166318
68292866349
68295482310
68296961396
68298401198
68301413674
68303305299
68303516300
68304085146
68304989220
68313789934
68315295730
68315900190
68319065713
68319936792
68320267277
68322456718
68323215483
68326551652
68336620762
68337392848
68339389072
68344661146
68346084154
68348631421
68349972624
68351958187
68354596822
68356695980
68360853127
68360898929
68361053640
68366035377
68370961678
68372421952
68374296945
68375359471
68378034502
68381534981
68381729089
68387714207
68388404570
68389934584
68390384717
68392313284
68393849659
68394779842
68395086292
68396513804
68396672170
68398033963
68398137238
68400951810
68404150813
68406159910
68406449242
68409892589
68413550889
68415581425
68416731625
68419095847
68420231327
68421560915
68423673244
68425009733
68427610767
68427985830
68431321534
68433491416
68434235147
68435190909
68437575684
68437693426
68440761959
68446459845
68447388186
68450089450
68454936431
68454936512
68456239305
68457355933
68458677135
68459008533
68462173192
68464136308
68465138500
68466829768
68468174180
68473447026
68474202939
68478851125
68480848412
68482381326
68483025508
68484919515
68486254659
68486785361
68487113378
68489379337
68492565418
68494067450
68495127853
68496815143
68498236450
68499544611
68499705801
68501877269
68506548874
68508399541
68520196316
68524680903
68526145502
68526384171
68529938569
68531710498
68532853835
68533287590
68536968527
68537228370
68537951306
68538915319
68539329715
68539838212
68544021575
68548854192
68549581766
68551302746
68552394275
68552515197
68553310056
68554204663
68554974746
68556236041
68558470307
68558982605
68561840431
68562185361
68564975087
68565129289
68568988060
68570281057
68572205455
68578684316
68581296689
68581622607
68582921647
68584012258
68585132337
68585586763
68585710332
68585966022
68586655931
68587941612
68589088636
68590261969
68590647346
68591635546
68591775282
68592201326
68599221710
68601088375
68601280880
68601943908
68602046319
68603815818
68604322867
68604680088
68606873752
68607195522
68610162082
68611388233
68613398372
68616758150
68618339982
68618506588
68619134841
68619654305
68621211486
68625979184
68630838450
68632857710
68633759402
68635127146
68636644573
68637273943
68640632716
68641124230
68643117472
68644833641
68652703671
68653682437
68654722850
68656346284
68659743964
68665973610
68668214291
68669800331
68670493663
68673785109
68678407423
68681889526
68682204875
68682830223
68683094315
68684858112
68685229874
68686396447
68692705159
68697447245
68698425806
68698784690
68699530501
68703492118
68708326678
68709066063
68713116608
68714149077
68715322573
68717698319
68719253881
68719257283
68721348131
68721497246
68722431943
68723525972
68726846945
68730348154
68730470351
68731195830
68731401499
68731549120
68733981058
68737804032
68740351622
68741499316
68744309438
68745632552
68748397492
68750946378
68752189485
68752745130
68755808495
68756254406
68758879001
68761370161
68761408344
68762140136
68762301358
68763004438
68767393968
68768031595
68772361742
68772991927
68773594006
68778809763
68779819072
68781084632
68781778726
68782768659
68784346383
68784870577
68785368371
68790927179
68792657868
68792997269
68796046315
68796566551
68798442306
68799044848
68800808466
68802520213
68805319885
68806207084
68807945620
68808562181
68809771635
68811284083
68811403402
68813708181
68814840075
68817439327
68821386527
68821393687
68821560035
68822054621
68822642481
68823158645
68824386729
68825394305
68831327047
68832092864
68832804093
68834135797
68834818892
68836539430
68838869805
68848639334
68850050877
68855385327
68855734356
68860836049
68864580415
68866934124
68868068561
68870357388
68870675454
68871152328
68871947926
68873226457
68874375982
68876202365
68877062709
68878319467
68878877336
68878893423
68880125233
68887973280
68889583673
68894813546
68895419264
68897530092
68897860129
68899114452
68900764664
68903382714
68905599559
68906491505
68910058787
68911002238
68915637085
68919170548
68920286393
68921982139
68923226710
68923635786
68926942428
68929564797
68932586945
68933715362
68936082425
68941483424
68943544032
68945005487
68947459366
68948713911
68949557925
68955320767
68962972341
68964770573
68965430987
68968866554
68968894030
68969200631
68969706869
68970061121
68973974452
68974919948
68976167354
68985026718
68989519966
68990217268
68991681301
68993821498
68997342984
68998532194
68998693988
69000165202
69000258864
69000326456
69001578301
69001578365
69002385999
69002470537
69003741730
69003898600
69004271103
69005482079
69005986407
69006114727
69006703171
69006844186
69007629012
69008600579
69008651232
69009575517
69010248756
69010820746
69011640434
69013845745
69020142426
69022525694
69024899658
69025889527
69027416372
69032089942
69032338196
69037382574
69037824186
69038414034
69040337724
69040558703
69041825737
69045286748
69045602703
69048319194
69051853985
69052217152
69052893810
69054287242
69059332359
69059729443
69060056639
69062423924
69064946318
69065615254
69067632651
69068100809
69069209785
69069684019
69069784907
69073186437
69073658516
69074268996
69075532197
69075712098
69076803552
69077168246
69078846944
69079303941
69079341638
69081064486
69081188427
69082267315
69082298575
69085148965
69086237686
69088075058
69088095788
69088314818
69089460542
69089885441
69090630149
69090874094
69093046746
69094564017
69094934586
69094966899
69095460638
69096798710
69098224358
69100437283
69102140233
69102908118
69103284557
69103326067
69104482963
69105240259
69105430863
69105943005
69106908794
69107164792
69107434846
69107619942
69108077176
69108513572
69109655099
69110138572
69110933549
69113859340
69114077127
69115553476
69115730866
69116239352
69117236462
69120915179
69120933048
69121149755
69122491904
69122982613
69124338736
69124596197
69125399037
69128114956
69128322252
69130168231
69131162862
69131388102
69131629352
69135130291
69136339351
69137093817
69137577317
69138649028
69139324557
69139967794
69140096028
69140770526
69141026993
69142789311
69143237769
69145546103
69145924821
69146801667
69147676926
69148945322
69149702661
69150951670
69151951502
69152900519
69154472060
69156254303
69158150513
69159475322
69162015519
69162780985
69163386801
69164372123
69164690172
69165304049
69166586312
69166789260
69169307528
69169548109
69169560632
69169595537
69169739717
69172275325
69176068274
69178419828
69178847406
69179067909
69180683767
69183368075
69184319889
69187100561
69187578153
69190523685
69190802261
69192347703
69193164912
69194680578
69195344087
69195562474
69196162010
69198102979
69198129300
69198255076
69199715436
69200106557
69200311617
69202989984
69203315059
69205889234
69207831846
69207849272
69207872843
69209331324
69213316739
69215735939
69216612446
69219779044
69219855751
69220942431
69223176588
69225523175
69225997171
69227638544