21452915955
21453847790
21454483516
21460458227
21465335491
21465985101
21466432361
21467339749
21468159356
21471474869
21472309062
21478064797
21479031489
21479041339
21479143766
21483007542
21483597481
21485776106
21486848751
21495206153
21495503790
21500540942
21501599342
21504260106
21504865840
21506117722
21510374018
21510905907
21513153981
21513575354
21515661040
21516125240
21520593923
21520695335
21521516858
21524379712
21524742095
21528384109
21528592597
21530946015
21531198637
21532113414
21533034670
21535987859
21536854727
21538186998
21547973090
21548517723
21548544291
21548918699
21557574781
21558458879
21562093058
21562786148
21564590634
21565044790
21565628438
21568037864
21571259579
21572012162
21572438097
21575684437
21577023411
21578606610
21578907988
21579578005
21580419481
21583509480
21586147358
21587454191
21587827644
21587981058
21588603824
21589071923
21590239241
21590690373
21591839789
21592359216
21593748134
21595911563
21596049862
21598756580
21600039754
21600159035
21600368689
21601530527
21603724018
21604677474
21605291816
21605502341
21606697689
21606965799
21607198211
21607343546
21607985973
21608864294
21609750067
21609888226
21610083187
21610137489
21610306698
21611658092
21612172868
21614729817
21617983933
21619486067
21619872998
21622023220
21622377033
21632926403
21633787378
21637156142
21638577599
21648795728
21651478993
21656951688
21658610817
21659650544
21662483864
21663565619
21663913612
21668373434
21669363448
21670213964
21679421785
21681384679
21683143325
21683274070
21683644850
21683790407
21688925780
21690490586
21692235008
21693518944
21695085452
21695724137
21697018986
21699253561
21706979411
21707156941
21715390979
21717720330
21721436582
21722678690
21722854174
21723628502
21723857370
21724113314
21724173054
21725241250
21726460505
21728003819
21735296433
21735728519
21743377592
21746433820
21746706223
21747604400
21747988631
21749818572
21750979809
21752576357
21753959006
21755089058
21755254833
21755961164
21759538572
21761299328
21762911682
21763918587
21765670472
21770024724
21770568158
21770875613
21776721658
21783234906
21785892905
21786160961
21786710546
21788096288
21788205531
21791398129
21793728915
21801489848
21801617979
21805774808
21805979263
21806225163
21807752828
21808228336
21809413285
21812751975
21813200840
21817536381
21823837484
21824656362
21825693902
21825891704
21826915209
21829832435
21830960225
21831635473
21831946718
21832680951
21832737877
21836567293
21839546036
21839635104
21840693697
21842265184
21845437042
21846633941
21849524313
21849701767
21849861186
21851228612
21852731772
21857465018
21862852959
21864963474
21866981762
21869614511
21869797171
21871881074
21872084373
21877144292
21882518642
21882833408
21884256335
21885994773
21887176298
21887407926
21889105189
21895260185
21896138673
21902498771
21904097344
21904587243
21906514514
21909106401
21913401884
21914505795
21920860230
21925782588
21928798726
21930207958
21931625405
21937072649
21938179973
21938787614
21941318626
21942859025
21943992582
21945831806
21948416403
21949140046
21952195236
21953557505
21955644308
21958245088
21958489325
21961530119
21968433571
21975167781
21976351067
21978478019
21978837864
21978919723
21979404535
21983115221
21985755464
21986687704
21989973949
21990651455
21991500535
21993258645
21995516051
22000048868
22000198729
22000434364
22000597697
22000637749
22000638559
22000669787
22001350410
22001977948
22002536325
22003288453
22003309696
22003384843
22003716975
22003768858
22004350789
22005379948
22005599810
22008427914
22010232934
22010555389
22010816145
22010990289
22011765184
22020026644
22021297426
22021834488
22021972540
22023613783
22026896422
22027063168
22027576163
22030538554
22031206810
22032464167
22032625357
22033162922
22033281295
22034006300
22035976360
22036809353
22037089613
22037479784
22039371577
22039478233
22039552094
22040768249
22043169737
22047661328
22049858345
22051159982
22054293964
22056422407
22056537065
22062509346
22063182424
22063437007
22063547679
22065897074
22067664046
22072266892
22074731415
22075031590
22077417693
22078922652
22079573050
22081680275
22082598016
22082756290
22083290393
22085015407
22085873424
22086299241
22086764230
22087133195
22089078464
22093646399
22095257231
22097534751
22098292150
22098735781
22099371070
22099676963
22101878262
22103360346
22104797739
22105355306
22106398721
22106585976
22107287037
22107375084
22107636147
22109342574
22112283835
22112894872
22114367814
22115438553
22117132625
22117442510
22118673088
22119632825
22120881898
22121906036
22122101160
22122779739
22123955859
22124720089
22126573779
22128828717
22129191667
22130260365
22130937449
22131107576
22132086116
22132877135
22133002831
22135310613
22135818245
22136672147
22137225140
22137829211
22138264283
22138528953
22141250008
22144294701
22145513060
22145896481
22146380758
22147155685
22149415148
22151534664
22152915725
22153132120
22153513494
22155132684
22155949521
22156618683
22156644878
22157739734
22159639184
22161120118
22162257973
22165043213
22166431579
22166500964
22166587364
22168015858
22168068212
22168659792
22170198614
22171414769
22171637336
22175188112
22181204932
22182779426
22190217348
22190319630
22195921757
22197917478
22203561358
22207176318
22211051952
22212785773
22215342209
22230749791
22238580639
22245020253
22245199522
22254935317
22262192631
22273384638
22279058181
22282344167
22283390180
22285012810
22286860873
22287704413
22290622529
22290744364
22291016259
22293589381
22298755798
22299074863
22299170044
22300952966
22301378783
22301788735
22303231329
22303451255
22303945878
22304038262
22309931531
22310145020
22310160668
22313584765
22314073028
22320640265
22323248152
22325632641
22328749251
22329516909
22329935091
22330513323
22335053529
22335092938
22337045573
22337975761
22338827190
22341932578
22342600753
22343995346
22344165473
22344172876
22346252276
22347617218
22348562904
22349480828
22349626385
22351928443
22358337886
22362018041
22364807940
22365112770
22365902013
22367804373
22369328096
22370214495
22378979667
22379258270
22379450116
22379607380
22380630458
22382478365
22382778594
22383554742
22384258470
22385438041
22385752963
22388977433
22392937550
22400871456
22402123419
22402858041
22403584788
22408286768
22408528813
22410018246
22412327740
22412437365
22412657291
22423970847
22425802182
22427089266
22432251715
22434452253
22434951175
22437732116
22438858070
22439342121
22439839287
22442914933
22443417090
22443504700
22449764347
22450112253
22450870672
22453043038
22454028527
22459039614
22462562261
22464368587
22465606851
22472429065
22473194850
22476654808
22477168898
22479192489
22487506783
22487689541
22488400543
22494686391
22495765586
22497123352
22500452214
22500482696
22500997716
22501407123
22506508071
22510998138
22514311681
22515102117
22515766911
22518567469
22518850824
22519132083
22519235644
22519350470
22519511822
22521342869
22526891208
22527808597
22532462253
22534652617
22536738135
22541531693
22544582823
22547681651
22549546190
22551235623
22558863889
22564005322
22568293073
22568475852
22569710799
22571642013
22573724404
22575374854
22577198742
22578032664
22578354326
22582547890
22583245743
22584205113
22584775789
22586017725
22586275203
22589779554
22590431615
22600230028
22601044396
22602700906
22604123914
22604387461
22605596898
22605603665
22605878115
22610597731
22610671592
22611767759
22611951970
22614310587
22615494840
22616363473
22616650424
22616685167
22621104306
22621683521
22622067612
22624403571
22624587397
22626746064
22626822771
22627812672
22628109364
22630184929
22630814299
22632850262
22633585704
22636278306
22639130548
22641505538
22642104328
22650013703
22652164663
22654201090
22657572439
22657637126
22661941455
22662547254
22663911311
22665838905
22665942056
22667468657
22668077103
22670530701
22670550335
22672696996
22674937748
22677955738
22683766441
22685336502
22689211655
22689769194
22694075624
22697052568
22698565314
22702704796
22703670943
22705178515
22706248250
22711879607
22715495302
22718404244
22718491972
22720654974
22721991615
22722077982
22723199681
22726300388
22728296617
22730855995
22733048946
22733831952
22737486099
22739148592
22740626513
22741826959
22742410284
22742478216
22743108871
22747331687
22748454407
22752179505
22753028261
22753372522
22753958562
22758048808
22758378359
22759053937
22759912499
22760432665
22762469739
22764711226
22771060611
22771148571
22774317129
22778781040
22783287901
22783578011
22784374985
22784894304
22786813377
22789846363
22790754065
22790915142
22794868994
22802136930
22802230636
22807112080
22808598796
22809266971
22813645129
22815185841
22821153656
22822594295
22826946884
22831344682
22832372135
22833041427
22835949499
22839521686
22842332769
22842754931
22844040720
22847817474
22849329889
22851187489
22851873457
22852338629
22854654236
22862186895
22863505289
22863878651
22867679894
22868580912
22872154081
22874067312
22875173237
22875731743
22875880713
22878262070
22882449785
22885451694
22887374596
22887612288
22889253683
22892620524
22893619054
22894417584
22896081616
22896855463
22907362658
22910405823
22911513255
22913967166
22915402724
22916387284
22917052014
22918615481
22920225647
22920745883
22922434285
22922500289
22923524880
22925922702
22927465217
22929230358
22930772355
22932356634
22934887047
22938776435
22943052317
22949648287
22955294754
22959692752
22960687815
22962058972
22964049272
22964581291
22965382705
22966453557
22966793892
22969854283
22970857284
22974253085
22977966930
22978907572
22980479468
22984342910
22986672108
22987375026
22989261435
22992733408
22993178951
22993275249
22993346060
22996556905
22998175690
23000014335
23000099098
23001115573
23001507624
23001578105
23001616100
23001810500
23001818739
23002028006
23002211859
23002284862
23002288539
23002474839
23002494198
23002979928
23003454826
23004224364
23004246682
23005086279
23006105120
23009481798
23009544978
23009920786
23010901130
23012897310
23013826531
23016246794
23023156537
23023991458
23025499851
23029834728
23031109042
23032968780
23033276607
23036239873
23038179802
23039040292
23041552831
23052424683
23055084734
23055251146
23056512958
23057449199
23058467721
23059330317
23061066703
23061850664
23062273036
23062806464
23063122003
23068075525
23069209331
23073042715
23077082757
23080311013
23080873589
23082038008
23082679689
23082732027
23084615725
23087550884
23088896299
23089300765
23089739963
23091330102
23096810740
23098188689
23098658792
23100471188
23103213929
23104195897
23104311479
23105683878
23105970603
23106402699
23107469054
23113156528
23115566624
23115983655
23116814640
23117318044
23117524993
23120011391
23120363827
23120429405
23120470779
23121815763
23122954698
23123512346
23124013013
23125511842
23127606400
23128197726
23131128484
23131860136
23132218177
23133271593
23135435988
23135797643
23135951905
23136238715
23136282568
23136484787
23138411800
23139481124
23140659808
23145445288
23145574575
23145727859
23146407310
23149679498
23151008606
23151021037
23152266720
23152438472
23153100642
23154485515
23154824969
23155236487
23155463784
23156658383
23158710411
23162243236
23162291474
23162507663
23163018438
23164086882
23164847532
23166332159
23166552102
23167088753
23167293926
23168416106
23168579164
23169112047
23169401601
23173356814
23176297076
23176455804
23176580350
23178792983
23179190607
23182360164
23182709042
23186788461
23191350241
23193700887
23194480734
23197579524
23198162297
23199241509
23199510203
23207431386
23208970246
23211764012
23212805655
23213340374
23214312568
23216177453
23217711593
23218334677
23218817141
23220299159
23220972653
23221006171
23221936909
23226415772
23228349398
23228758265
23231549601
23234389617
23235599476
23236210735
23236450538
23236740966
23239414857
23239880019
23243603038
23245944813
23251833086
23254253302
23256203959
23257391733
23260373451
23264412273
23265290243
23267299340
23268235770
23276352942
23280793637
23281792399
23282447079
23282523867
23284491287
23285615422
23287165178
23291540593
23292954745
23293143470
23293595536
23294353928
23295003106
23296234554
23301106261
23305775452
23308356986
23310947728
23311066064
23315019717
23319147904
23319969249
23320196297
23321711662
23322034404
23322158328
23322166185
23331449282
23331516307
23339701217
23341979287
23342464099
23349061447
23349456894
23351866925
23352497866
23357043803
23357238651
23362018763
23366950675
23370778012
23371328833
23378204740
23378516552
23378877687
23379907090
23381720566
23382530502
23384887326
23386652386
23387344887
23390424713
23390807481
23391731998
23393694780
23394779159
23395781583
23396966381
23398458179
23398780781
23401764928
23402021358
23404857519
23406429006
23407529272
23408014165
23412979611
23414166757
23418874979
23419839819
23420611690
23423500410
23424572806
23425499197
23427027338
23430604093
23431259232
23432230703
23438839147
23440733186
23441174717
23445271708
23445460050
23447212922
23448516255
23450704254
23451270412
23451590162
23456175647
23457138511
23458023150
23458315603
23459717059
23460188376
23462827448
23463848383
23465330354
23468704495
23468866954
23470211068
23475324712
23476065197
23479827874
23487395143
23488561462
23488795881
23488910653
23491311720
23496004886
23496760476
23500365569
23501787578
23504523796
23508856762
23510289619
23511021692
23513124382
23514659979
23515628033
23516054082
23521712887
23523293824
23524581044
23525356084
23527604045
23531283216
23531550467
23533966730
23535738961
23536176949
23537722608
23539290973
23541079868
23543049756
23543860400
23551772350
23552066563
23553499345
23559426439
23560031126
23560057008
23561473720
23562450326
23563891078
23565226725
23566073224
23571717255
23575408986
23576616033
23577271355
23581712380
23582672273
23582965342
23584198987
23590559243
23592917682
23593651175
23594453124
23594835357
23595505201
23596472399
23597266054
23598387218
23599077581
23601684733
23602771979
23603815875
23605598016
23606862507
23607743350
23607925146
23609307044
23610661515
23614694122
23616529452
23617756532
23622539187
23622680112
23624978940
23627445061
23627494578
23627650121
23628574195
23629383434
23629839200
23630074655
23630212668
23631087797
23634613226
23637146431
23637912798
23638729775
23640098173
23641779576
23645265110
23645943187
23649536763
23650720562
23654470289
23655757531
23655881736
23661267566
23663761648
23665646740
23667084204
23672833616
23673482232
23675430881
23682154324
23682798614
23683382359
23684385668
23687896004
23691090131
23693386194
23700161919
23701650467
23701703701
23702832641
23708616327
23709016343
23709702230
23715381965
23715463824
23722681766
23724292630
23729625001
23729858917
23730126778
23731241387
23732441737
23732596938
23732682124
23732995793
23734654922
23734927438
23735756004
23736392615
23737091148
23737509411
23738626930
23739671538
23744512660
23745406478
23748430948
23750533168
23751104369
23751690680
23758474117
23758550824
23760374080
23761878093
23763253031
23768070419
23769070910
23770318644
23773244008
23774094259
23774893265
23776214532
23778489497
23784282823
23788361751
23789751592
23790985503
23798447914
23799556318
23800705399
23801964566
23804162895
23804892371
23809142835
23810977884
23811954507
23813343808
23817801023
23820761880
23821736698
23825012992
23826424428
23827562101
23827911211
23830403256
23832388550
23837892360
23838383727
23845598845
23846477166
23849296382
23849462033
23853597066
23854858571
23855672303
23855718294
23856113326
23856257867
23857200378
23859956042
23861748663
23863298517
23864517891
23865056223
23865395861
23868511596
23873204439
23874687209
23877976673
23881255364
23883447316
23886179327
23887992728
23890645430
23892746564
23895041014
23899499874
23899878193
23900138181
23905590955
23906262807
23906714960
23908272752
23910820747
23911663725
23914943183
23916075309
23917949584
23919988090
23920074867
23922372767
23923481107
23930854855
23932655679
23935330273
23943913206
23945587756
23949007215
23950100164
23951826128
23957075506
23958685354
23959281520
23959475978
23959508578
23959601199
23962217861
23962533081
23965963965
23971075454
23976044653
23976317056
23978025459
23982422096
23983188702
23983548310
23983648409
23985892007
23987484224
23988949924
23990071623
23994194172
23995687510
23995701663
24000770598
24000816704
24001329871
24001347691
24001397986
24002294031
24002831061
24003012074
24003100445
24003159224
24003421216
24004213040
24004222306
24004864797
24005068842
24005910675
24007784858
24009232566
24010351397
24010832192
24011090247
24019205254
24020011625
24022952762
24026528313
24027969146
24028468144
24029783627
24030073661
24030448702
24033522701
24034405697
24035993816
24037849477
24038051940
24043198258
24047272974
24047869917
24048703839
24049272071
24049561964
24049945721
24050542615
24050763707
24053436577
24054115589
24054715049
24055993780
24056161515
24058251876
24058947300
24060745337
24061144769
24061760203
24063369311
24065463274
24067280428
24068307120
24069315116
24070082164
24072187764
24073618629
24073714744
24073913194
24081153773
24082751040
24083075914
24084884504
24086334058
24087672669
24089610357
24093174184
24094545250
24097262459
24097986470
24103006293
24107869652
24108638687
24111850705
24111925225
24111933325
24112101783
24113292311
24115539132
24116378998
24120124153
24121300516
24125011380
24125965862
24126745444
24128473449
24130036620
24131531874
24132815816
24134118140
24134910476
24135816698
24135964551
24136198063
24137601426
24138089942
24138282210
24139030914
24140436398
24140551435
24141262615
24141870126
24145185904
24147579977
24148909933
24152641344
24153724924
24153940320
24154221076
24155030428
24156312426
24157587495
24158439135
24159196997
24159318859
24159810401
24159867511
24161645978
24161951220
24164941815
24165090763
24165388125
24166665943
24166819681
24167279842
24167288784
24169370021
24169590416
24170472970
24171253362
24174637402
24177671575
24180823587
24181597067
24182696815
24183529501
24183646416
24185038309
24188328939
24192704036
24194066710
24195762439
24196766170
24197373286
24197763361
24200736541
24204254290
24204476192
24206060752
24206341093
24207330346
24215634040
24218682610
24220345831
24224030235
24224170327
24226277579
24226632975
24227166701
24229482291
24231290227
24232926643
24233110092
24237055910
24239142713
24240761195
24242419152
24243077098
24246239042
24246681313
24246779204
24248614702
24249838941
24250735049
24251862369
24253668356
24254114823
24254765096
24257547009
24259843127
24262398617
24264115100
24267956373
24269177243
24269950949
24274771832
24274942904
24277294253
24282113607
24283971051
24290176179
24291502765
24293128964
24296618952
24302072098
24302914876
24302976253
24303683048
24304772801
24313461692
24315097741
24316357421
24318383986
24319661422
24320820143
24321893042
24322606641
24323071359
24324321238
24326076562
24327387121
24330739796
24330961979
24331127312
24337573308
24337958873
24338647541
24346390612
24348552048
24349269314
24357650951
24358708195
24359379647
24361140965
24361882218
24363505398
24365044253
24365530976
24366943994
24370241396
24371101249
24374203959
24375812690
24380317726
24381933039
24382413326
24382767960
24385119368
24387128714
24391836579
24396313952
24398518329
24402376251
24403556982
24405972737
24408795549
24409039499
24409820691
24410197481
24411099141
24411808328
24412624597
24413646602
24414294602
24419602159
24423474413
24430622959
24432771139
24433928203
24434146730
24434547642
24436612208
24443468302
24451978124
24452839591
24456336156
24458289331
24459030832
24459406828
24464628849
24468892242
24471272993
24475086290
24475097289
24475239704
24477497714
24478578529
24481364152
24481960355
24482589476
24490708954
24492967968
24495691934
24495893991
24496651287
24501628418
24505088457
24505436563
24507189608
24508185778
24510171607
24510793061
24512911038
24513093013
24514535261
24516287140
24516618656
24522940258
24523296944
24524367813
24525180475
24526782466
24528936802
24530998354
24532672662
24533202947
24533593146
24533757830
24534337039
24534368073
24534899276
24535733198
24536057701
24536531583
24539575487
24542190524
24542392743
24546286505
24547103061
24547377893
24547581015
24549423699
24550112059
24550323188
24552419765
24556031075
24556361901
24562852431
24563091839
24563176209
24564438281
24565844501
24567317345
24568261206
24572240115
24573800137
24577565956
24581049296
24582112265
24582122098
24582321968
24582452843
24585945536
24586593617
24587036228
24588356938
24590741735
24594181044
24597104479
24597298895
24597445592
24601086293
24601219009
24602181494
24603764774
24604984677
24605596843
24605630615
24605680635
24606243574
24606626585
24607722596
24608314339
24608636822
24608967264
24609294817
24609472742
24609980510
24611628535
24612299825
24612634668
24614218866
24615457416
24615570622
24616803717
24623645431
24624064708
24629659006
24630631945
24632156397
24634403386
24634769846
24635994048
24636882181
24638554976
24638583375
24640153015
24641175116
24641712065
24644123386
24648315789
24654012595
24654162618
24654318106
24655626990
24657356745
24658900816
24659573726
24660187123
24663372653
24667010612
24668763144
24669862924
24671055848
24671806567
24676726821
24677893377
24678193682
24678216918
24679810815
24680373905
24680739550
24680782787
24680962769
24681481369
24682034669
24683276583
24686107279
24686180531
24686360577
24687087757
24687782586
24688718720
24692588322
24692995601
24699016115
24700936106
24701592125
24702642597
24704809407
24707528912
24708414749
24709971348
24710794367
24712759762
24718548762
24718788420
24721913934
24721965542
24721989723
24725840550
24725867468
24726325518
24728358866
24728815723
24729096938
24729120553
24729271030
24729519645
24731933099
24736600336
24737475465
24737826389
24738660512
24738676706
24740322955
24744105088
24750127519
24750586212
24750600301
24756847193
24757681461
24757951240
24761430562
24765357415
24765527579
24766582907
24768525692
24773831392
24774178428
24776744519
24778943194
24780601011
24780608101
24780875843
24781132273
24782082365
24783089157
24784785643
24785014452
24787174420
24789071779
24791367519
24793786719
24794359427
24796080148
24798184663
24799245650
24801404396
24801506953
24802110123
24803073461
24803275680
24804789575
24805174644
24806941297
24808354391
24811760786
24812980382
24814062196
24819325355
24819440618
24820560033
24820824929
24821183036
24827460298
24829971207
24830510866
24832638240
24837417995
24839364005
24843443591
24845302142
24847586115
24848873734
24849934721
24849963427
24850644734
24851931419
24856558468
24856863239
24857433436
24857596705
24858505179
24863643625
24864826916
24865788348
24867901563
24868045214
24869741764
24874612451
24875259441
24878708351
24881173229
24881195402
24885659123
24891650266
24892711221
24898406822
24901104802
24903877928
24906206786
24917813801
24920925761
24922181768
24922842577
24926019932
24926029765
24926187645
24928623558
24934492575
24934895156
24935600661
24941624663
24942084905
24944776508
24948607290
24950047405
24954265291
24955302372
24955448582
24958819359
24961528593
24962269095
24969723547
24972459748
24981930997
24981990592
24983305622
24983453571
24985217832
24985678727
24989227343
24990294782
24991570743
24998148067
25000000126
25000018842
25000049249
25000245269
25000263025
25000268333
25000570463
25001318967
25001868542
25002024839
25002489876
25002852244
25003171373
25003243463
25004298542
25005507537
25005738349
25005839934
25005964723
25006163475
25007934675
25008194188
25008453469
25009362225
25009793604
25010725881
25010800682
25011337177
25013309943
25013960384
25015324705
25016253046
25019535431
25022009624
25022396340
25023973502
25025137207
25027279338
25027324510
25028965893
25031282240
25037356386
25038142060
25040435191
25042610171
25044678441
25045836903
25047981907
25048017126
25050334444
25055756519
25056673164
25057005679
25057058097
25057964379
25060265541
25061985144
25062357797
25062503959
25063105098
25063680139
25065856776
25066315361
25067965752
25068897781
25069816316
25075673944
25079876651
25085110379
25085381314
25085714094
25085934425
25091565485
25093357416
25093764727
25093984766
25094646542
25095275912
25096126725
25096242410
25097230949
25097863419
25100958272
25101813977
25102071531
25103277950
25105510898
25105853987
25106140997
25106941753
25108063560
25109066982
25109674510
25109674768
25110325463
25115462505
25116416749
25116424461
25118162073
25120926829
25121748169
25122280200
25122646346
25123534867
25125623226
25126531204
25131659777
25132966691
25134180746
25134246405
25135537183
25135595578
25138083256
25138676829
25141205865
25141459903
25143758370
25144617283
25145949350
25146474688
25146784848
25146823653
25147151773
25147840284
25149682299
25149955685
25150045444
25151052274
25151286580
25152128451
25152218361
25152692670
25154329183
25155583010
25155698105
25155897813
25158226914
25158561892
25160271705
25160848948
25161898589
25162888539
25163166283
25165347688
25166057670
25166239434
25166836415
25167238196
25167548130
25167646479
25167817389
25168478797
25168803969
25169185479
25169559273
25170042319
25171160292
25173391572
25173609818
25173768152
25175058859
25184322074
25188291128
25188484275
25188646275
25191803876
25192379748
25194532086
25195169437
25197760557
25201097459
25203447491
25203824352
25204613891
25205217249
25208427512
25211772234
25212873602
25214726590
25216837655
25217485736
25218686798
25219414271
25223500618
25223977125
25223996900
25224539092
25227042629
25232471136
25235145027
25237570432
25237865040
25242861870
25244363405
25244836439
25245034236
25245515031
25245814919
25246371681
25246803799
25250019014
25254529402
25254892050
25258801920
25259842845
25261149634
25263849094
25267155147
25269392713
25271885234
25273625314
25278745054
25280938523
25281997010
25283593087
25284162604
25284170461
25286359540
25287360284
25287613279
25289625168
25292307915
25294896448
25299457283
25307084879
25308969912
25310479962
25317050477
25317182243
25317848748
25318340705
25320700569
25323376377
25328758007
25329156435
25329595946
25329631289
25331275870
25332146091
25339900740
25341260292
25342966460
25345594375
25346942200
25348383092
25352070309
25358409498
25360757208
25361058242
25361214043
25366348050
25367599311
25368258866
25369387742
25372194327
25379271481
25379536027
25380731565
25382697278
25386092124
25386231109
25391137360
25392690864
25393548799
25394403069
25396473980
25399153255
25399223676
25403602833
25403646567
25404127826
25405428486
25408534653
25411781397
25415010312
25416998203
25418550708
25419004913
25421971856
25423667267
25425504321
25426883027
25431176621
25435328594
25441898931
25443445685
25445352587
25449979496
25451235380
25451236320
25457221485
25458461860
25462284147
25465845221
25467707637
25467741738
25470475029
25472253271
25477472123
25482567848
25484834083
25490676532
25491798182
25492242014
25492351844
25493281206
25494277176
25495087031
25501567403
25501859532
25504505840
25504571077
25508850572
25509349483
25510335593
25512606795
25513228730
25513828141
25520448292
25524047301
25524080705
25526626751
25526693781
25528561242
25529035275
25529870196
25536393358
25538326747
25538506729
25541350747
25546871448
25548385225
25550803976
25560520143
25561052458
25565644818
25566390521
25566714698
25571131030
25574403953
25575820492
25579279796
25579299528
25594890830
25596184713
25596345903
25598708473
25599206693
25600974809
25603089881
25603690513
25604517026
25606924805
25607166368
25607433410
25607740027
25607760725
25607909970
25608308210
25610036954
25610268382
25615006995
25616266119
25618713626
25620464419
25621485499
25623515781
25624836416
25626836754
25628146918
25631095923
25636274070
25638033104
25641940862
25642231080
25643217492
25644946329
25653005327
25653418675
25655083274
25655709091
25655876205
25668952613
25669164741
25669403081
25670521264
25671070719
25681392684
25684539432
25684684049
25684991180
25686280770
25687623426
25689853847
25690631145
25691524910
25701446243
25703164609
25708453396
25709627713
25714465800
25717084481
25717926438
25719349446
25721081679
25721506023
25721799421
25722406078
25727739842
25733644283
25744885242
25746341389
25746917613
25749379796
25751004522
25752199789
25756230598
25756574465
25757996361
25758419677
25758781500
25759883968
25762433627
25762886034
25762889948
25766746974
25767219069
25769334282
25771344356
25773381323
25773960273
25774689267
25778662253
25782982582
25783068064
25783209620
25785315134
25787243706
25787735338
25788396746
25790231823
25790440268
25792605021
25793561382
25797190873
25798720300
25799033224
25807878213
25808709375
25812210249
25813299067
25815548934
25816353351
25817292913
25817398661
25819463114
25821189731
25822530481
25822614041
25824839099
25826941179
25828180884
25829602839
25832647791
25833019365
25835106087
25837155814
25839801852
25846290459
25846648328
25848408976
25850193563
25854346638
25855101035
25858328285
25861463720
25862670198
25865448266
25866106591
25866281724
25867594982
25869958573
25871214926
25874552521
25875338415
25876911996
25877953392
25878329270
25879282122
25881905652
25886941109
25890108306
25891076169
25891348696
25898011967
25902508293
25902781517
25902879165
25902939866
25906291409
25913152827
25914693064
25915760595
25916223840
25920745616
25920973836
25921028943
25921234732
25923173591
25927351582
25927514586
25931882155
25933251660
25942219364
25943509688
25945774843
25957617885
25958024257
25960023413
25962124709
25964987357
25965951506
25972944560
25974238443
25975190161
25976306341
25977287904
25978559890
25980155676
25982498169
25992390219
25992998383
25998522783
25998838980
26000048886
26000207198
26000755153
26001273105
26001294677
26001813887
26002692748
26002868902
26002907771
26002917491
26002929204
26003072147
26004195671
26004815758
26007190678
26008545382
26008549880
26008558790
26009717079
26010903643
26013234693
26014473081
26015192717
26016321134
26016556589
26018271009
26019325979
26020035572
26024136127
26025596460
26028393697
26029531316
26032157956
26033028226
26033722407
26035362781
26035856195
26036231350
26037219544
26037589412
26039638663
26042330347
26044738768
26045549708
26046112702
26047461681
26049877204
26050210065
26051931849
26055196533
26056443965
26057221959
26057557758
26058528948
26059846829
26061030510
26062231572
26062487343
26062909402
26063038942
26067163392
26070515971
26073415253
26073611322
26077364688
26080995044
26081230284
26083868788
26085287379
26086805336
26087649269
26089437717
26090463997
26090960026
26093270583
26093313033
26100484086
26104936354
26107198149
26108148797
26108549677
26111960000
26112765927
26114196792
26114637805
26116713592
26119784388
26122151699
26126588761
26127492160
26127733815
26129080267
26129135379
26131365298
26132946813
26133075144
26133666967
26133927723
26134480262
26134583887
26135697535
26135808624
26136930523
26137533843
26137703911
26139756893
26140175668
26140671821
26142187719
26142832285
26143068562
26143151544
26143361976
26143432047
26143496221
26143554157
26145356580
26147531673
26148075183
26148815534
26149188198
26149803815
26150144841
26150552962
26152400853
26154156215
26155165987
26156923715
26157140449
26160537459
26161428459
26161472199
26163431412
26164251245
26165302625
26165400635
26167283598
26167780642
26168604644
26169915299
26170709968
26171167219
26173469536
26176420728
26176873103
26177416602
26178233811
26182149809
26182975432
26183089857
26184322732
26184407215
26185625449
26189442391
26190276232
26190696870
26191843576
26193427855
26194035636
26196034117
26196740798
26198030940
26198473934
26198770443
26199335196
26200703766
26201855900
26202621166
26204645653
26205635586
26208593037
26214358476
26215175685
26215864196
26216614488
26216801566
26218631740
26219580941
26219815792
26225156716
26225970048
26226301365
26228427377
26232149770
26233682657
26234350832
26235539339
26235874528
26237353739
26238742576
26239674816
26240982539
26243053105
26243623258
26244055474
26247341510
26249977087
26251317740
26252073745
26253635355
26253989168
26254014991
26254713433
26255139331
26255219715
26256101794
26258035405
26260371498
26263401676
26264230404
26272663643
26274410964
26279095022
26280364545
26282868309
26284801380
26286898356
26287753948
26288112967
26293524270
26293682263
26294491534
26296389100
26296684053
26299069292
26301240740
26301896451
26303583152
26303609720
26306825512
26307711349
26310040100
26311228763
26311241081
26311819313
26311958578
26312782770
26314427351
26315053259
26316292581
26316530241
26318933273
26318984184
26340023022
26340135589
26342074401
26342302162
26343420702
26343528313
26343536413
26344721362
26346069650
26347722568
26348231254
26355752179
26356118143
26357301779
26358165024
26360172538
26362671572
26363178907
26364844700
26374272360
26375465565
26376231863
26377049925
26383582737
26389205838
26390112568
26392148395
26392735543
26393847667
26394708023
26395848783
26396157064
26401647648
26403323495
26406981245
26407396677
26410378395
26411295364
26415958680
26416435635
26417352361
26417382892
26418047599
26419775238
26420937485
26421076956
26422173826
26424383517
26425404042
26428090013
26428970407
26429861213
26431449601
26433893894
26434192342
26437381517
26440640368
26441338810
26442011542
26443264342
26443945930
26447194019
26450652465
26451690621
26452236744
26454575560
26456032598
26456290125
26460814158
26465546524
26466163085
26469217606
26470784696
26471921505
26474357655
26475699280
26477394469
26479033785
26479907473
26481886341
26481926344
26482700968
26483552824
26483932179
26484710962
26486602474
26486858083
26488022005
26489809043
26495745149
26496078545
26497475757
26497501316
26499314512
26499349142
26502117543
26505528151
26509932904
26510282791
26512577046
26512675169
26512974394
26513937759
26514038437
26514693457
26521826242
26521960054
26524319260
26528758788
26529750413
26532343930
26536463002
26536819266
26537099526
26539374087
26539816844
26539824782
26540392171
26543010971
26543647069
26548411344
26551836137
26551860243
26552897647
26558059216
26559501696
26559855445
26560430955
26564054857
26566481995
26566793630
26568125491
26568896384
26570272984
26572899636
26576894940
26576946477
26578539521
26581383620
26581749766
26584740017
26586916492
26587113916
26587653803
26589812647
26591699574
26593371102
26595047105
26597210615
26599321130
26599352746
26601820535
26602711503
26603091538
26603210484
26603251869
26603790914
26604178100
26605199180
26605529967
26606547344
26606929707
26614670802
26615741799
26615758577
26622064104
26622315010
26623706017
26624594754
26629875684
26635258890
26635974504
26637865157
26639889838
26642473436
26642635242
26643929951
26648656992
26650199135
26651545436
26652196994
26653640096
26655420412
26655624477
26656297274
26658642322
26659359733
26659798229
26662856654
26664679683
26664868511
26665702433
26668531531
26669629205
26670266124
26670446106
26671311094
26674339894
26678393388
26678648760
26682486469
26685720622
26685898049
26687474315
26688799156
26690820646
26692387035
26692928563
26700210079
26700646847
26704798119
26705229034
26705795229
26706873307
26712344835
26714951874
26717196190
26719388255
26721016814
26721825540
26724921970
26726097587
26728718500
26729619090
26734081812
26734585880
26734749856
26735070692
26736102071
26737574456
26737728324
26743205268
26743269442
26744615743
26745853272
26750249395
26751574372
26752009045
26752880751
26754287591
26756081374
26758499596
26763239376
26764089789
26768239852
26768791473
26768928719
26771625193
26773687426
26773695283
26773897600
26776032597
26776497877
26778213582
26779227907
26780164910
26780401581
26783238741
26783545196
26784243870
26786747553
26787532643
26788461065
26790482959
26792233424
26795240948
26795574820
26797661623
26803374784
26803716847
26803827137
26806335496
26807113458
26807173053
26809502014
26812072764
26813367155
26814173979
26814345635
26814942422
26821097584
26821653455
26823345658
26824634946
26826765257
26830537616