11000047950
11000073870
11000761571
11001233790
11001241005
11001350867
11001794396
11001832828
11002058127
11002389746
11002595422
11003362481
11003429338
11004285956
11005353218
11005898251
11005906054
11008484197
11010805927
11010856725
11014757615
11019639609
11019967071
11021947936
11022882563
11027915897
11029187646
11031563484
11032433089
11036231838
11036390091
11038579170
11043348720
11045845426
11046688404
11049491846
11050453769
11050810640
11056475105
11063402559
11063809589
11064494169
11064780067
11066289464
11068446688
11069533482
11071850028
11076178673
11078672755
11079447763
11079815697
11080436433
11081630729
11082241761
11083216579
11083428729
11083730778
11086103323
11088061023
11088359577
11091816085
11092150879
11094142006
11098249758
11098903558
11099754393
11101785219
11102379386
11103755139
11104705642
11106424769
11106906423
11107436811
11109853278
11112455786
11112491556
11114063043
11114688541
11115147659
11115225986
11116159701
11116169647
11116314562
11117886432
11123738223
11124211565
11126868586
11127864935
11128866419
11130433288
11131264926
11132125120
11134856132
11137037677
11139840947
11139996651
11140054468
11140735862
11141476364
11141704449
11141727577
11142051054
11142285716
11146804668
11147897218
11149226568
11150693851
11151440423
11154257851
11154806658
11157291960
11157982091
11162207169
11163101750
11164088448
11164536378
11165171840
11165256436
11165869061
11165944105
11166136776
11166137748
11167177362
11167913279
11168089870
11170013113
11170657354
11176150693
11177837248
11184347887
11187385172
11188231822
11189492560
11192522543
11198025596
11199275853
11209481513
11209960897
11210172815
11213238190
11214967027
11216142170
11216371524
11216875673
11226221388
11227328793
11228305254
11229540191
11232209394
11233136100
11236149710
11236340422
11237942413
11239506139
11240170997
11244559772
11245451863
11246123715
11248418710
11248791547
11252634894
11254431269
11259653598
11259697010
11261294621
11262640922
11263154159
11263561438
11267572742
11274679098
11274684817
11276993085
11277507106
11278363724
11278929115
11279735826
11283689792
11285126970
11286533983
11289703125
11291711287
11293508607
11296752873
11299736811
11300386527
11300672506
11301450257
11301552846
11302872347
11303610911
11304683810
11307521909
11308202509
11311421406
11311764284
11317538056
11320043645
11321413690
11321984065
11325724500
11326005224
11330868226
11332089079
11338057025
11338237039
11339249064
11339370677
11340160573
11342479894
11342844238
11345673368
11346132066
11346174035
11349709415
11353025959
11355603083
11358382701
11363048522
11367639008
11370077815
11370084009
11370292497
11374523786
11374693055
11376089527
11387942042
11389597881
11390131121
11390527928
11391123964
11391301149
11393286556
11397137539
11397753037
11398472268
11400162559
11400479679
11400505189
11401466956
11403204077
11403509906
11403715678
11404462191
11408704415
11408712272
11411225987
11411628568
11413518185
11416414259
11418003852
11421168748
11421798464
11424274834
11429394461
11434864088
11434932938
11435026358
11435957518
11436369036
11437186326
11437953196
11443064118
11450355911
11452411243
11453217641
11456974518
11460996012
11461295878
11465017203
11469675621
11471023261
11472476854
11473481983
11477115050
11478617475
11479200346
11483474386
11486239980
11491151011
11495594924
11496421524
11499648774
11501880998
11502290864
11504332761
11505307579
11506781170
11512629602
11513202510
11513626906
11514282731
11515367995
11518339303
11518781412
11522518811
11522782671
11526445815
11527784059
11538175792
11538514248
11538849269
11539434581
11541215706
11545295692
11546045018
11546046875
11548623739
11551537671
11552612368
11552937411
11553267426
11553592765
11554751811
11554789001
11557605603
11558346105
11560831935
11562679680
11563715017
11565495500
11566155865
11566496319
11570559592
11575267069
11585217838
11592416924
11592509426
11593129918
11593458271
11593743828
11595120337
11599680696
11600392443
11600812833
11601477918
11602416697
11603044950
11603202759
11603284591
11603517984
11603671398
11603822593
11605302663
11605397519
11605454144
11606097732
11606463884
11606514434
11606539619
11606989353
11607342399
11607902687
11608914987
11609278677
11612680186
11619463828
11622576453
11625157923
11626010556
11627663070
11628846717
11629077637
11630788730
11635378627
11635886201
11637257859
11638541613
11643616608
11648466505
11650414765
11653875280
11658636055
11662695807
11664573841
11665093300
11669377120
11672023346
11673296731
11674086033
11676473146
11676819496
11677180730
11678438622
11682476849
11682631501
11686674167
11689036327
11691361858
11691631556
11694817826
11695302638
11697675080
11700508588
11705860022
11705906094
11711326268
11717421864
11721615402
11722032767
11723386218
11724267061
11724391347
11724816851
11726998154
11727363928
11734204616
11734671716
11735866379
11739129033
11743131513
11745507928
11746358763
11748395730
11751213676
11753464251
11756750496
11758002459
11758752584
11759339591
11765184896
11767448857
11768299692
11770186878
11771520387
11773286290
11773709466
11774338836
11774587436
11781477447
11787395685
11787797618
11787986073
11792107925
11795377992
11796597895
11805438327
11811715217
11812664143
11812883534
11812884150
11813361024
11814451958
11825966870
11826188993
11827184359
11828343405
11828537718
11830808143
11832585277
11834526491
11834861761
11835071529
11835608246
11836001253
11843307609
11846675799
11847238610
11848199377
11850625970
11851573201
11852749072
11853802385
11855677314
11857117035
11857124438
11857307720
11857749742
11857954802
11863933034
11865501232
11866165313
11867118715
11867269288
11867618398
11867740450
11869022895
11869432798
11869627695
11871409436
11872527490
11872610715
11874152177
11874614293
11876701096
11877656513
11878771186
11878830770
11883368767
11885206938
11886946932
11887401164
11889371769
11895005109
11897212159
11897576643
11899521734
11900453908
11902830783
11902907409
11906487695
11906723848
11910165808
11910522775
11915719109
11916913870
11919130025
11927459017
11928572940
11930585589
11930810856
11933733266
11938328213
11939987352
11943299166
11945172329
11945958968
11946049764
11950432070
11952202762
11952289243
11952494303
11952841906
11954779593
11955310905
11956204286
11963231797
11968026102
11972047157
11972196014
11972379554
11973523604
11974798673
11975769831
11976096013
11977093123
11981168448
11981935286
11982012992
11983090271
11985150506
11989448576
11990478275
11993233253
11995104402
11998043238
12000637267
12000767251
12000964081
12001444837
12002063229
12002725895
12002885412
12002892766
12003741878
12003806371
12004277418
12005401623
12005621581
12006692039
12007032266
12007297994
12008485827
12008514912
12008618991
12010545187
12010568251
12016359001
12019596365
12020000668
12020693893
12020797087
12021024389
12021705896
12023587840
12023597560
12023650124
12026621733
12026693056
12027865849
12032211683
12038481148
12038516658
12038736601
12039723974
12039919811
12048446864
12049903261
12053879016
12058280961
12058702037
12059639293
12060206671
12060568633
12061979048
12064068530
12065515190
12067249281
12068072068
12068206140
12068327440
12070059586
12072755774
12075357818
12076595072
12076978407
12077296483
12077687837
12077999261
12078081848
12079129178
12079392083
12080135986
12084757717
12085894757
12086262816
12088941913
12088948954
12088954419
12089151195
12089613748
12094118121
12094364193
12094525400
12095876323
12096998135
12099005704
12099399623
12100506671
12100830153
12101552025
12102982409
12105209704
12107294039
12107368570
12108477023
12109065315
12110484181
12114218588
12114945440
12115954197
12116512007
12118593561
12118641777
12121673726
12122572696
12123323928
12126757939
12126972331
12127407004
12128878142
12129228413
12129500125
12130704648
12130884490
12131039551
12131486228
12132337862
12132660291
12132763901
12133421324
12134554875
12134647151
12134711292
12137866906
12138871954
12140233910
12141611234
12141698956
12144699774
12144783728
12144851126
12146400758
12146982452
12147464698
12147584930
12147595929
12149493452
12150320872
12150641562
12151675133
12151724980
12152039573
12153358313
12154317790
12156603303
12156662314
12157040206
12158433848
12159654529
12161286657
12161998232
12162234589
12162243548
12162901684
12163845539
12164177931
12165033205
12165276728
12165302125
12167505573
12168739937
12168906349
12171611328
12172199587
12172591806
12174542998
12177965157
12179262653
12185511986
12186911645
12187447023
12194288234
12196577256
12197380085
12198982157
12203118006
12204041519
12206193144
12208377881
12208406096
12212586792
12214510181
12217339629
12217831154
12217916846
12218214467
12219031757
12219799745
12220363629
12221528582
12223562136
12226452826
12231911422
12231938308
12231977280
12233285694
12234186382
12234347734
12234568600
12237951964
12238342217
12239671805
12241084736
12244081056
12245566132
12248231426
12249893189
12254643915
12255235479
12256994201
12258246147
12259373516
12262515646
12262776989
12266217762
12266546778
12268060723
12270122993
12271835080
12274345626
12274568225
12279021837
12280540576
12283053196
12286724219
12286926438
12287590250
12287735240
12289335800
12290272980
12290854684
12291757316
12294364495
12295768733
12296585942
12301469345
12304695872
12305614245
12310807835
12311801338
12314200850
12315225575
12319917371
12323890766
12324799192
12326542113
12327190113
12328206646
12338534012
12340717550
12345691733
12346254947
12352498924
12353562686
12356254252
12357811650
12359726501
12359831914
12362764977
12363650411
12364149160
12364491590
12367801510
12371415303
12375462554
12380793051
12382972593
12383017127
12385598737
12387503221
12389457577
12392575019
12393818704
12395681169
12396012503
12397752674
12399575590
12400989757
12405028736
12408281027
12412982585
12413277431
12414543493
12417895581
12418043471
12420341031
12426779661
12427129964
12428866400
12430083656
12433025431
12434506122
12435373707
12437418228
12437548406
12440436763
12442780202
12443475084
12446236649
12449726637
12450469547
12451584318
12455944764
12456756190
12458153947
12459786972
12460327398
12465259073
12465479080
12465631754
12466032742
12469087112
12471328392
12474354644
12474556863
12475167155
12477460811
12486106821
12487582597
12488712035
12490341733
12494379955
12494922305
12495602014
12498962347
12499095112
12504021272
12505139595
12506083505
12506970833
12507027560
12507258502
12509051426
12509308725
12509638163
12509914373
12514345294
12514839821
12515732560
12516756556
12516948861
12516959828
12517115688
12518866536
12518979380
12520223167
12520394293
12520407534
12521055615
12523441805
12525112306
12525527193
12525707369
12528919171
12529981821
12532811205
12533434208
12534290600
12534505930
12535946650
12536099243
12543713669
12547316933
12547402345
12552547913
12553835278
12556228828
12559512920
12564785820
12566880561
12568312344
12570495196
12571235380
12573924909
12574026267
12574344284
12576243248
12576873045
12578251929
12579213998
12579429437
12581381677
12584191870
12584284291
12586500197
12586856905
12587841304
12591727656
12595348934
12597733137
12597955973
12601532549
12601694571
12602293587
12602417890
12602946458
12603272877
12604327433
12605045967
12605479776
12607299409
12609147089
12610076299
12610264123
12613637729
12614404562
12614531408
12616455941
12620126779
12620434931
12620537266
12622998386
12624115927
12624622836
12628396194
12635440467
12638329840
12641163317
12642035525
12643602869
12645422033
12647648933
12650790270
12651909236
12655030901
12655328327
12655908104
12656098162
12657227982
12657547975
12658058669
12659071979
12660109104
12671497266
12671982840
12672483620
12674692727
12678066895
12681013870
12686376167
12686446556
12687887276
12689322721
12692681742
12694089667
12694267592
12695918545
12698695317
12699104993
12701325101
12701325246
12705500532
12705508626
12709300771
12709974739
12712741732
12712968861
12714894393
12715979480
12716617625
12716981100
12718158051
12718565330
12722195274
12725592873
12726198672
12726907859
12727032594
12733644586
12738533725
12739015600
12739130927
12739828148
12742911570
12743810800
12744213828
12744966577
12747843390
12748977994
12753549375
12753559306
12753908416
12754113599
12754128450
12756046044
12756099897
12757578580
12760745982
12761020718
12762613281
12763399779
12768644881
12768976538
12771941284
12773383133
12774165350
12776097518
12778938340
12781677397
12782534513
12782876905
12786537975
12788275604
12791011627
12792337133
12794935230
12795173440
12800347514
12802949045
12805507112
12808609822
12811547184
12811956051
12812032013
12812876885
12817570771
12821496150
12823465535
12827809009
12829765893
12830294003
12831286797
12832689950
12836028635
12838505432
12839291693
12842417947
12843173532
12845218134
12845268429
12846273477
12847527692
12848180202
12849070343
12849401827
12850816238
12856318255
12859264155
12860403161
12861231288
12862008208
12866122079
12868524011
12869870867
12873139250
12875765194
12876512894
12880739636
12880747493
12882433708
12884842977
12887490236
12887524710
12890535085
12894273278
12894564452
12900448879
12901071775
12901922092
12902533593
12907106529
12908506960
12911402807
12916571838
12916651721
12919602632
12921460377
12922838501
12923232495
12923317059
12926315334
12928362166
12929134938
12931341729
12933692015
12936896218
12937007528
12941442926
12944833932
12954086227
12954150142
12955064707
12960368150
12960709467
12960738028
12965346647
12966768575
12967006375
12970362691
12974150769
12977038204
12977407963
12982442059
12983827488
12984569751
12985134979
12986597953
12988740733
12989192939
12989745630
12994040142
12994280058
12995804020
12996818166
12997842023
13000071438
13000397080
13000860837
13001269757
13001534309
13001673267
13002794318
13002838495
13002963171
13003273827
13003396521
13003683261
13003698726
13003963148
13004635821
13004644650
13005130272
13009343249
13009484119
13009544496
13010423686
13010463760
13010856621
13011072432
13011942976
13016628724
13018177589
13021329424
13025291258
13029301649
13030963942
13035627549
13039386943
13044771942
13045484774
13046081944
13047301275
13051150546
13053503607
13053787965
13054070332
13054394968
13055077237
13055113838
13059671417
13059731988
13060603775
13061138181
13062013343
13062042951
13062453826
13067457687
13067597747
13068105213
13069810948
13070528716
13070898648
13072138802
13072747187
13076052155
13076241079
13077274855
13077518908
13078141787
13078896173
13079007613
13080037538
13080838213
13081056902
13082367638
13083701147
13084010362
13086443910
13086682822
13087426828
13087510232
13088357902
13088442504
13089435931
13090928895
13091551872
13094479897
13095717114
13097832909
13098115961
13098507850
13099282809
13100005561
13100893175
13102444557
13102721513
13103212281
13103345213
13104553808
13105362561
13105462272
13105753785
13105985537
13106098926
13106906496
13107200877
13107780017
13108567736
13110446709
13117622732
13119189040
13120232163
13120663736
13120698479
13121140141
13122159595
13123147731
13123895447
13124848380
13125469812
13127908187
13128561663
13132997865
13133171643
13133224941
13134343097
13136566051
13138320662
13138374165
13141034739
13141271481
13142879865
13144623709
13146102758
13146653143
13146762007
13147264531
13147330729
13147916818
13149039467
13149988447
13150403135
13150947827
13152139008
13153019348
13155210398
13155355685
13157810083
13158521263
13159028387
13159193638
13159400810
13160259512
13160688077
13161549787
13162008485
13163354970
13164635256
13165289261
13166235703
13167036744
13168077281
13169227643
13170934383
13171282122
13171573522
13172090453
13174483959
13176354784
13177602930
13178308521
13180054038
13181694709
13189934505
13191060540
13191124675
13193173112
13196056495
13197558905
13197881366
13202186753
13202715845
13204782021
13207863255
13209334528
13209408012
13210052253
13210237381
13210491683
13214315710
13216207367
13216319725
13216839961
13225092835
13225292063
13226904929
13228610034
13228814116
13229409061
13231091490
13231860321
13232997436
13234352593
13235466548
13237869499
13237941806
13238944953
13240583211
13243215101
13245046569
13247147607
13249861679
13252984041
13254267507
13254622822
13257451984
13258460726
13260169156
13261347026
13261482825
13261703296
13261742722
13262113275
13266015218
13267538763
13272901606
13275225221
13276995038
13278852741
13287201233
13288179987
13291033283
13292940013
13294026244
13294228512
13294582557
13295692722
13298726172
13303397074
13304983227
13306515493
13307021943
13307176982
13310092237
13313431716
13313875164
13315121009
13317461763
13320346330
13321005821
13325439421
13327567140
13328809145
13328829794
13334102867
13335990038
13340428767
13340576684
13340801870
13341410687
13341910193
13346023503
13348226983
13349283963
13352491234
13357401729
13358876011
13360589220
13361743135
13361813637
13361881300
13362411310
13364203224
13364827863
13367807399
13369391128
13369781154
13371873972
13372398965
13372781950
13373295187
13373732474
13378026171
13379448180
13379828793
13381977987
13382113021
13384362266
13384551045
13385003711
13388033267
13389287007
13389490317
13392123611
13394412665
13401935388
13402033474
13402622355
13403108760
13404468610
13404809878
13404919407
13417992311
13419019806
13419027663
13419820470
13420920671
13425892872
13427301090
13429523492
13430953536
13432779189
13433292460
13436635535
13438908357
13439252451
13443609138
13445851003
13447096005
13447618741
13448316351
13448727064
13448791551
13449348528
13449670034
13450726220
13456244825
13457661364
13458337665
13458860742
13460486859
13462775817
13462778021
13463238900
13465280311
13465767789
13469744032
13469905303
13470861405
13473627792
13474619330
13476085624
13477452288
13477856743
13479644208
13481713380
13483401215
13488323121
13489483645
13491976166
13492647078
13492771106
13493304755
13499295062
13501013741
13506264631
13506607617
13509181149
13514290953
13517940306
13519003328
13519495257
13519616066
13520126544
13520261328
13521955864
13522801337
13524817594
13525465675
13526190339
13527554002
13527922017
13528786729
13532178264
13532707356
13535681039
13536220974
13543101930
13544230983
13549115505
13549579845
13550977284
13553713907
13553892971
13556130288
13556352207
13557285014
13558507287
13558653584
13559471814
13565953466
13566956694
13567174223
13567272378
13571008741
13572518089
13572556430
13573741460
13576149168
13580920155
13581149174
13581726585
13583160291
13586640898
13592166805
13593618854
13594905070
13599193285
13600484144
13601243314
13601298480
13601362832
13601486837
13601817690
13602257202
13602484482
13602597795
13603658895
13603785191
13604174790
13605494291
13605552163
13605783088
13606809358
13607399486
13607659400
13607713691
13610692342
13612145390
13612146411
13612813570
13613624655
13618131576
13618680503
13620748119
13621032569
13622021272
13622186193
13622319794
13624760627
13627263301
13628236094
13630983079
13632785600
13633483517
13633588180
13635328729
13637767256
13638571138
13641058739
13641714127
13642724645
13644949170
13649226332
13650647142
13650866484
13651495854
13652076905
13657715904
13658158989
13662623073
13672642573
13673724247
13674059376
13674191342
13676049109
13678732855
13678773690
13679844753
13681680067
13682608408
13683612597
13686422871
13686721275
13686959145
13687449459
13690096679
13691440038
13693136496
13698508050
13699121565
13699557156
13702759140
13705570731
13705798832
13709315410
13712015139
13712754847
13713415700
13715479649
13719010758
13719487071
13720224856
13720984863
13722529701
13725148819
13725675136
13726250922
13728236810
13728272789
13729750856
13730699210
13735747821
13737853254
13739332497
13744171637
13746772326
13747926009
13751132847
13753514032
13755426242
13755928852
13758209882
13762363956
13765316455
13766803626
13768038390
13775592849
13781729172
13782437760
13782504542
13783820803
13785262635
13787087171
13787119317
13787571065
13789701090
13792103355
13796837378
13802686069
13806606081
13809316017
13812663455
13817470816
13821409176
13822032509
13822519341
13825071813
13828406270
13828919734
13829561341
13830824190
13833217821
13833808273
13836779051
13837964081
13838942561
13841589581
13842254375
13843550840
13847100541
13848161970
13848873771
13850129956
13852216759
13853396465
13857067628
13859162288
13863858517
13864365340
13865977277
13867238118
13867314744
13869126115
13869139280
13869266126
13873088311
13876151989
13877172892
13878073580
13878916040
13880630566
13880747168
13881863732
13884919856
13885562386
13886280969
13886379606
13889434700
13893872867
13894665825
13897833087
13899099759
13899826120
13902768190
13903061955
13908951336
13910545027
13912476029
13913632402
13914457737
13914614073
13915642767
13916295994
13919391377
13923149043
13924497261
13927180456
13927694487
13928950490
13936841418
13937359780
13939761268
13940253570
13943901448
13952255432
13952807814
13953112531
13955029002
13956030955
13957766283
13957855464
13959401619
13963187316
13964825520
13967571128
13970379419
13970916449
13971410139
13972542929
13979168152
13979827341
13980575840
13981794933
13982341019
13985263909
13986043135
13986701465
13988034789
13989214085
13989588483
13994419307
13995757918
13997081950
14000007447
14000025267
14002967231
14003546596
14005265627
14005599806
14005740287
14006224219
14009656222
14010160371
14010381738
14010418836
14010578417
14011921883
14014290421
14014752650
14015107408
14015662668
14016479500
14017926160
14017935458
14018431977
14020124537
14020737194
14021769064
14026871233
14029796634
14030083449
14031247916
14039050657
14041641124
14044386624
14045697198
14046308176
14050065480
14050095077
14050260820
14050306007
14051283876
14051912647
14051967911
14052560809
14053849460
14054063570
14056009546
14058693514
14060899084
14060936576
14061779360
14062944950
14064961639
14069141051
14071669622
14073125381
14073675457
14073872368
14075182419
14075838929
14078574348
14079187469
14080413955
14081277345
14081414273
14083014720
14084081452
14084315380
14086133457
14088969618
14092700694
14092814785
14094901669
14095190677
14096488756
14097003382
14097321723
14097476956
14098002517
14099686647
14101556370
14101632094
14102519767
14103570499
14103665621
14104564802
14104820346
14107318915
14108275039
14108718395
14113369809
14114812841
14116138843
14120569575
14121495341
14124019290
14125761929
14125974727
14126318518
14128546850
14129445950
14129848595
14130190680
14130934497
14133636058
14135408338
14135898421
14136043783
14136762761
14136847325
14137434596
14137512972
14138678292
14139284647
14140481854
14142058956
14143504855
14143711616
14145463559
14146495429
14147213214
14147392472
14147945907
14150795994
14151657322
14153265965
14153410961
14153639953
14153664950
14154206543
14154880274
14156127695
14156573142
14156658721
14157947058
14158335847
14160630491
14160970248
14161213405
14161490722
14162323715
14162472749
14162667646
14163481329
14163644960
14164875361
14164983528
14165083509
14165241977
14165388965
14165682931
14166774438
14167772358
14168138386
14168177795
14168511877
14168809158
14169771822
14170727459
14173898868
14174743175
14175322363
14175431308
14180518545
14186488521
14187916858
14190561168
14191246379
14196818677
14196880254
14197767620
14202143568
14203183344
14207094003
14209232467
14211506904
14211514761
14214146980
14216710355
14219824648
14219865758
14220335774
14221923434
14224492748
14226562234
14228830925
14232196950
14233657169
14234892349
14236895053
14237829776
14240037485
14243317429
14245360697
14248484452
14250721170
14254816486
14255173199
14260253412
14261903263
14261936386
14269236490
14271599373
14273027641
14278455953
14279047598
14280104956
14281625591
14289798469
14290374919
14292279645
14296419971
14297600520
14298285045
14299202683
14300143492
14303857326
14307634388
14312502500
14313281746
14314588541
14315428937
14315841195
14319192775
14324806243
14325235046
14327373905
14327919483
14341511898
14347992298
14349494816
14352540481
14357796841
14364772264
14365615960
14366044682
14367438217
14370235773
14372566732
14376538691
14377074495
14377459175
14378080532
14378957891
14379141826
14379862424
14381178268
14382208108
14383625937
14383799849
14384315528
14386280437
14386571530
14387580061
14388710853
14388745596
14389247348
14390158512
14390806058
14394632315
14395278090
14397969239
14398861249
14402446546
14402607817
14403177409
14403476909
14407118027
14407727476
14410081806
14410137566
14413320122
14414430496
14417023323
14419221576
14426765614
14428357750
14428545670
14429298851
14429698872
14429774807
14431998084
14432764463
14433138915
14437876265
14439569133
14441535505
14445767884
14452129397
14452441296
14454852639
14456649554
14461986919
14462175789
14463007859
14463973461
14464103612
14464119644
14465124692
14467190220
14469787759
14469942394
14471419445
14478297463
14479876245
14480958545
14481048838
14481108055
14484819022
14486417913
14488034257
14490242954
14491017881
14491700387
14495154157
14497882545
14498352950
14500471887
14501526475
14503148306
14503172331
14503505273
14505094504
14506401428
14508817723
14508858865
14509059060
14511006802
14513037515
14513578195
14518578865
14519075115
14524066324
14524323936
14524412761
14524995815
14525093965
14525618327
14526878287
14527180768
14527240066
14530560823
14531324156
14533828692
14535639334
14541252661
14541297399
14541785420
14543595154
14544659974
14546401793
14546802803
14552167535
14557448465
14557836952
14558257817
14559250186
14559743854
14560472465
14560771852
14561132879
14565272536
14565480992
14565507323
14567533824
14572218356
14573549500
14575119463
14575259523
14578483221
14580795225
14581826760
14582262740
14584157038
14585651256
14587619469
14587716411
14588020706
14591365228
14591877558
14592512610
14592643937
14595664357
14600249518
14601020179
14601529766
14603226204
14605574043
14606328865
14607043372
14607166503
14607300790
14607872024
14615650281
14615866108
14616255626
14617234560
14619574768
14626441489
14626749635
14628363193
14630424751
14630825776
14634097750
14635204075
14636796724
14637290301
14637350953
14637806800
14642231554
14647526800
14650323599
14650692657
14652353244
14652841361
14655753548
14659744186
14660011092
14660181764
14661290087
14664465584
14667662471
14667703365
14668588425
14672404146
14674202297
14674514077
14674782290
14676745438
14678096405
14679778375
14680829221
14681702908
14683365589
14683455499
14683622943
14684547844
14686594725
14691774696
14692540994
14694857373
14700978802
14702857019
14702881044
14703078057
14706168990
14712954733
14713101732
14714202117
14714526284
14719010013
14719259799
14719603343
14720436357
14721898747
14722068793
14725309328
14725368177
14725521192
14726481021
14728973315
14729894701
14730313951
14731775051
14735206475
14735458957
14735518174
14736435418
14740339639
14741949568
14743342196
14744576447
14746945190
14747434969
14749016419
14749322902
14750161219
14750581857
14752358155
14752378772
14752881200
14752951702
14753263573
14753880043
14754465575
14754491689
14758725506
14762579761
14767532960
14773715355
14779648864
14780245564
14780689417
14780815798
14784342604
14786450898
14788243413
14788967989
14790456160
14791500789
14797450035
14803316448
14807004233
14810866868
14812920499
14813025675
14814600780
14816574949
14818533049
14818714937
14819312642
14819737541
14819805084
14822744757
14823578906
14824248652
14826279365
14827276637
14828698565
14829021950
14829960065
14830094460
14832489716
14832862770
14837145148
14840811278
14846165788
14846189662
14847378288
14847587878
14848553534
14848749386
14854635020
14859963702
14860223689
14860735810
14864245621
14865393515
14868467265
14868590353
14869784061
14869953270
14870835327
14871753991
14872054172
14872550632
14875807069
14876956756
14878688952
14886457301
14896466049
14898097611
14898258801
14898739692
14903621918
14903697626
14904708706
14905180164
14906185449
14908553738
14910189155
14911812589
14916990466
14921021971
14921475576
14923157978
14924796549
14924823901
14925105160
14925809136
14929262053
14930035197
14930277878
14934115065
14934762147
14935689700
14936853529
14940306624
14943654246
14944209215
14944812708
14946628415
14948239181
14949579817
14951075342
14951529778
14952837696
14954602741
14955698028
14955708272
14957049826
14959633656
14964349708
14969141636
14973271103
14980613817
14980689525
14981568910
14982129246
14984800281
14986022042
14986746699
14990578734
14990885012
14991791515
14992892721
14995178238
14995910252
14996198557
14996312438
15000002522
15000692366
15001007807
15001428208
15001467536
15001495012
15001668864
15001982270
15002573186
15002871650
15003765517
15003968465
15004154760
15005035138
15005499365
15005633750
15006932920
15006945151
15007966474
15008119640
15008623087
15009766311
15010112580
15010436218
15010664276
15010668774
15017032577
15017051337
15017988453
15021275082
15021702811
15025359755
15029129625
15029776626
15030795778
15031420980
15031459336
15032758344
15034347035
15040914272
15041045562
15044252476
15047662080
15050192660
15051984402
15052319509
15053021574
15054810481
15054898981
15055892727
15058261902
15058558194
15058558275
15061460133
15063462398
15064663413
15064746308
15064843314
15065602386
15065676717
15068201563
15068277271
15069081266
15069768038
15072238554
15074732523
15080023167
15084031139
15084233358
15085265228
15085694695
15086284575
15086644377
15088000604
15089840599
15091364965
15094341732
15095139209
15095355652
15096096154
15099496232
15100122598
15100277492
15101252171
15103149121
15107484408
15107697012
15107843012
15108825860
15108973005
15109195079
15110449003
15111520168
15112944910
15113081616
15114313739
15115681171
15116581518
15117072303
15117502477
15117678992
15117866961
15119792493
15120197671
15121370152
15121662362
15121837932
15122661254
15122874359
15123730567
15124068337
15124844215
15125270313
15125911601
15126124684
15126757186
15130364019
15131092209
15132455013
15133151229
15134203419
15134504377
15135382121
15135408866
15136372248
15137258917
15142048717
15142591202
15142650995
15143778974
15144005229
15144566575
15146145320
15146822442
15146972303
15151414553
15151708351
15154918840
15155666470
15156854335
15158242696
15159324419
15159891004
15162317731
15162593142
15163026097
15164929144
15165293115
15165640637
15168076480
15168279865
15169174467
15169183377
15171025431
15171624226
15172773832
15173718891
15177045275
15180347116
15180410528
15181059089
15181806487
15182610305
15183106575
15183445053
15185294051
15185864253
15186059759
15190821561
15192040875
15192371415
15199752524
15200664902
15201170013
15201776670
15202104623
15205192299
15205303194
15206376093
15207901372
15208664516
15211513464
15221402673
15224838709
15233861640
15243237799
15243473780
15244936813
15245258421
15245537093
15246407843
15249433965
15250673983
15251567381
15258462080
15259238529
15260052725
15262781761
15268052064
15270787121
15272576556
15275099026
15283049408
15284659256
15286324686
15287750071
15289816181
15292005260
15295791470
15296836483
15296870827
15298246439
15305627143
15307704096
15311553173
15311910270
15316132508
15318551627
15319522768
15326966771
15327568072
15327917182
15329987353
15330898905
15331645298
15332014086
15336959174
15337449424
15337512836
15337846998
15341912146
15345575376
15348142547
15348325974
15350030236
15350811422
15351622377
15356252299
15360345267
15360992349
15362991732
15364243614
15369628753
15372926079
15374516612
15377397657
15378922936
15379851326
15380879043
15382115891
15383014991
15388735438
15391076932
15392413001
15392855055
15393099383
15396929620
15397501912
15397727135
15398549959
15398624647
15411702545
15417282446
15417312454
15419549820
15423447955
15424188538
15429100627
15436920745
15441877135
15445756786
15446301992
15447235771
15447329196
15448501850
15449455425
15452565878
15454771860
15457216802
15457856626
15457928360
15459703739
15465230364
15465827307
15466587373
15467279810
15467605694
15468318511
15470441855
15474057382
15477271522
15478235486
15478731914
15479372737
15480937452
15482454134
15482947898
15489046940
15492041413
15492599114
15492752274
15500198490
15500622450
15502451057
15505901792
15506970274
15509512399
15513286837
15514913398
15515854435
15516990827
15519534459
15520556139
15522485084
15525985003
15531369245
15534307682
15534461096
15541274767
15546198649
15546287280
15549435539
15550326037
15551147663
15557237945
15557421367
15558868092
15561364852
15562792277
15564838640
15573276949
15573757906
15575357046
15575375930
15575703370
15584094499
15585238317
15585520877
15587483885
15589254033
15593521912
15595887597
15596482019
15598511636
15598799607
15598900965
15599170085
15601740738
15602254651
15602302867
15602757218
15602945138
15603264186
15603767704
15604601626
15605783033
15606956393
15607266742
15607432231
15607814577
15608480397
15608541989
15609017627
15609317973
15615231337
15615881800
15617623451
15619040503
15624309423
15627965568
15630438919
15634812461
15634845633
15635600224
15636198284
15637090230
15637705856
15641568217
15642320022
15642397862
15643109280
15643386953
15645301513
15645954551
15646506960
15647720713
15651901873
15652454536
15654226460
15654386073
15658373697
15658676599
15658892076
15661357020
15661508829
15664115944
15664546097
15668040038
15668109110
15673326983
15674140779
15677129750
15680850717
15680965230
15683139485
15686592311
15688475139
15692350773
15692592132
15692948396
15696253526
15696944721
15697577363
15698948849
15700886510
15704902010
15706593683
15707708006
15708321408
15718578292
15719534503
15719722342
15722168228
15727525865
15728968173
15729903923
15734017394
15736576735
15739517700
15741038604
15741541128
15742803718
15743780346
15744190389
15744760301
15746402192
15749066741
15749692121
15750251576
15750817016
15752445099
15753439434
15754781340
15759535985
15759632991
15760717900
15762477009
15762505429
15763384015
15769890275
15770050374
15770628525
15771716549
15778423328
15778775408
15779883661
15779941420
15781906571
15782114250
15783592872
15785450807
15785930662
15788576084
15789350757
15791237161
15791335284
15792016127
15793051561
15794010509
15795680097
15797809355
15799402712
15799547129
15799755602
15802304531
15805392094
15811519102
15812156410
15812358661
15814376015
15815273527
15817859922
15818467654
15818908505
15826382413
15829757639
15833091907
15837813824
15840457124
15841863084
15844836281
15847695089
15849208710
15853142728
15853398418
15854550325
15856706183
15861897192
15863955839
15864209413
15865086524
15865247584
15866186984
15866949254
15869452241
15869788315
15874546109
15876357668
15878776868
15879302154
15880017475
15884767715
15885091256
15887524200
15887629445
15889746715
15890129251
15890979588
15891127559
15895717009
15898126435
15903287074
15903543682
15906217573
15907248746
15908232092
15910650287
15911718170
15915137180
15915886900
15917072108
15921239978
15922801869
15922811250
15926308824
15928144090
15928552503
15930169241
15932784493
15935542095
15941286502
15941412964
15947866553
15950135854
15951641574
15951837524
15951851780
15953015372
15955827190
15957819801
15958063508
15961861517
15962688246
15963176908
15964246643
15965528641
15968098878
15968173728
15968693964
15968949131
15969822381
15970400613
15974642842
15974714900
15975588123
15977590362
15978278197
15978487836
15982369739
15982717651
15985141808
15986751737
15987177473
15992360253
15993442008
15993650513
15993842029
15996712842
15996913268
16000009012
16000744141
16001367031
16001421727
16001441103
16001669236
16001943826
16002278793
16002516485
16003229285
16004048195
16004644285
16004656964
16005214531
16007383360
16007386259
16007410004
16008382090
16010403704
16012612342
16013094772
16013953577
16015615249
16020107180
16020368702
16025333322
16028434077
16029066941
16029520255
16036715933
16036726350
16036798963
16037279013
16038924571
16040674829
16049331732
16053403143
16055396731
